,temp,max_temp,min_temp
2015-01-01,-1.56,1.0,-5.0
2015-01-02,-1.17,3.0,-7.0
2015-01-03,1.89,4.0,0.0
2015-01-04,1.89,4.0,0.0
2015-01-05,1.06,3.0,-1.0
2015-01-06,-0.94,3.0,-3.0
2015-01-07,-3.11,0.0,-7.0
2015-01-08,-2.11,0.0,-7.0
2015-01-09,3.94,10.0,-3.0
2015-01-10,11.06,17.0,4.0
2015-01-11,3.61,7.0,1.0
2015-01-12,2.61,7.0,-2.0
2015-01-13,-0.33,8.0,-4.0
2015-01-14,2.5,6.0,-3.0
2015-01-15,1.83,5.0,-1.0
2015-01-16,3.72,11.0,-1.0
2015-01-17,4.83,10.0,1.0
2015-01-18,2.33,4.0,1.0
2015-01-19,0.72,3.0,-2.0
2015-01-20,-0.22,2.0,-4.0
2015-01-21,0.28,3.0,-3.0
2015-01-22,2.61,6.0,-1.0
2015-01-23,2.44,3.0,0.0
2015-01-24,1.78,3.0,0.0
2015-01-25,0.94,2.0,-1.0
2015-01-26,-0.56,3.0,-4.0
2015-01-27,-0.33,2.0,-3.0
2015-01-28,-0.33,4.0,-4.0
2015-01-29,0.0,3.0,-2.0
2015-01-30,-0.06,2.0,-3.0
2015-01-31,-2.61,4.0,-7.0
2015-02-01,-2.39,2.0,-7.0
2015-02-02,-1.78,1.0,-4.0
2015-02-03,-2.56,2.0,-7.0
2015-02-04,-3.67,0.0,-6.0
2015-02-05,-2.39,-1.0,-5.0
2015-02-06,-2.06,-1.0,-5.0
2015-02-07,-3.22,1.0,-7.0
2015-02-08,-2.67,1.0,-8.0
2015-02-09,-1.39,1.0,-5.0
2015-02-10,2.0,5.0,-1.0
2015-02-11,0.44,4.0,-3.0
2015-02-12,0.94,3.0,-1.0
2015-02-13,0.22,4.0,-4.0
2015-02-14,1.33,6.0,-4.0
2015-02-15,1.44,6.0,-5.0
2015-02-16,1.28,7.0,-4.0
2015-02-17,1.33,6.0,-5.0
2015-02-18,0.67,4.0,-2.0
2015-02-19,0.33,6.0,-4.0
2015-02-20,1.17,8.0,-5.0
2015-02-21,3.94,9.0,-3.0
2015-02-22,2.5,4.0,-1.0
2015-02-23,4.06,8.0,0.0
2015-02-24,3.78,5.0,1.0
2015-02-25,3.56,6.0,2.0
2015-02-26,3.61,7.0,-1.0
2015-02-27,3.5,9.0,-3.0
2015-02-28,4.06,7.0,0.0
2015-03-01,4.0,8.0,-2.0
2015-03-02,4.5,9.0,2.0
2015-03-03,3.78,10.0,-2.0
2015-03-04,4.0,8.0,-2.0
2015-03-05,2.78,5.0,0.0
2015-03-06,2.94,7.0,-1.0
2015-03-07,3.22,10.0,-4.0
2015-03-08,4.33,11.0,-4.0
2015-03-09,4.56,11.0,-2.0
2015-03-10,5.94,14.0,-2.0
2015-03-11,4.22,8.0,1.0
2015-03-12,4.56,7.0,1.0
2015-03-13,4.06,7.0,-3.0
2015-03-14,4.39,9.0,-3.0
2015-03-15,5.94,9.0,1.0
2015-03-16,8.89,12.0,3.0
2015-03-17,8.06,13.0,3.0
2015-03-18,8.39,13.0,0.0
2015-03-19,7.44,14.0,-1.0
2015-03-20,6.22,13.0,-1.0
2015-03-21,8.78,15.0,-1.0
2015-03-22,6.61,9.0,2.0
2015-03-23,6.78,12.0,1.0
2015-03-24,9.67,16.0,0.0
2015-03-25,10.61,15.0,2.0
2015-03-26,9.28,11.0,6.0
2015-03-27,7.06,9.0,5.0
2015-03-28,7.5,11.0,2.0
2015-03-29,9.89,14.0,2.0
2015-03-30,8.39,12.0,5.0
2015-03-31,9.11,18.0,4.0
2015-04-01,4.06,7.0,1.0
2015-04-02,3.22,8.0,0.0
2015-04-03,4.72,10.0,0.0
2015-04-04,4.28,7.0,1.0
2015-04-05,3.56,7.0,0.0
2015-04-06,2.06,6.0,0.0
2015-04-07,4.83,8.0,-1.0
2015-04-08,7.5,12.0,2.0
2015-04-09,10.39,18.0,0.0
2015-04-10,12.78,21.0,2.0
2015-04-11,13.28,20.0,5.0
2015-04-12,13.78,19.0,7.0
2015-04-13,14.22,19.0,5.0
2015-04-14,12.83,17.0,7.0
2015-04-15,16.22,24.0,6.0
2015-04-16,17.5,25.0,6.0
2015-04-17,12.61,17.0,8.0
2015-04-18,7.28,10.0,4.0
2015-04-19,8.56,14.0,-1.0
2015-04-20,12.06,17.0,1.0
2015-04-21,14.39,20.0,4.0
2015-04-22,15.67,21.0,5.0
2015-04-23,10.44,17.0,6.0
2015-04-24,12.06,18.0,5.0
2015-04-25,16.0,22.0,4.0
2015-04-26,15.28,21.0,9.0
2015-04-27,17.44,23.0,10.0
2015-04-28,11.67,15.0,7.0
2015-04-29,10.83,15.0,4.0
2015-04-30,9.5,15.0,4.0
2015-05-01,11.78,15.0,6.0
2015-05-02,12.94,17.0,10.0
2015-05-03,14.06,17.0,10.0
2015-05-04,17.61,23.0,12.0
2015-05-05,21.56,26.0,12.0
2015-05-06,16.11,20.0,10.0
2015-05-07,16.0,21.0,9.0
2015-05-08,17.17,23.0,10.0
2015-05-09,15.44,20.0,12.0
2015-05-10,15.5,20.0,10.0
2015-05-11,16.67,23.0,8.0
2015-05-12,19.33,26.0,8.0
2015-05-13,18.5,26.0,12.0
2015-05-14,16.17,20.0,13.0
2015-05-15,12.94,15.0,11.0
2015-05-16,16.06,21.0,12.0
2015-05-17,16.11,20.0,10.0
2015-05-18,18.11,24.0,12.0
2015-05-19,16.33,21.0,11.0
2015-05-20,11.72,20.0,8.0
2015-05-21,10.11,12.0,7.0
2015-05-22,10.33,12.0,9.0
2015-05-23,9.67,11.0,8.0
2015-05-24,12.17,15.0,8.0
2015-05-25,14.78,19.0,9.0
2015-05-26,13.11,15.0,10.0
2015-05-27,11.17,14.0,8.0
2015-05-28,14.06,20.0,6.0
2015-05-29,18.33,24.0,7.0
2015-05-30,16.0,23.0,11.0
2015-05-31,17.89,23.0,12.0
2015-06-01,19.61,25.0,11.0
2015-06-02,21.5,27.0,15.0
2015-06-03,23.94,29.0,15.0
2015-06-04,23.89,29.0,16.0
2015-06-05,22.94,28.0,16.0
2015-06-06,24.17,31.0,15.0
2015-06-07,23.94,29.0,17.0
2015-06-08,22.17,27.0,16.0
2015-06-09,18.22,24.0,14.0
2015-06-10,19.83,25.0,13.0
2015-06-11,21.44,26.0,16.0
2015-06-12,24.89,30.0,16.0
2015-06-13,23.94,29.0,16.0
2015-06-14,20.67,27.0,15.0
2015-06-15,18.0,21.0,15.0
2015-06-16,16.0,17.0,14.0
2015-06-17,15.0,19.0,12.0
2015-06-18,17.11,20.0,10.0
2015-06-19,15.5,18.0,12.0
2015-06-20,12.39,15.0,9.0
2015-06-21,14.06,17.0,9.0
2015-06-22,17.39,23.0,11.0
2015-06-23,13.61,16.0,11.0
2015-06-24,14.78,19.0,10.0
2015-06-25,17.94,23.0,9.0
2015-06-26,20.83,25.0,11.0
2015-06-27,18.44,23.0,15.0
2015-06-28,19.0,24.0,14.0
2015-06-29,19.33,24.0,13.0
2015-06-30,22.17,28.0,13.0
2015-07-01,24.39,29.0,15.0
2015-07-02,25.61,30.0,17.0
2015-07-03,25.39,31.0,17.0
2015-07-04,26.22,32.0,18.0
2015-07-05,26.78,34.0,17.0
2015-07-06,26.22,32.0,18.0
2015-07-07,28.5,35.0,20.0
2015-07-08,21.33,28.0,16.0
2015-07-09,18.06,23.0,14.0
2015-07-10,19.06,24.0,11.0
2015-07-11,21.17,28.0,12.0
2015-07-12,24.67,30.0,15.0
2015-07-13,19.72,23.0,17.0
2015-07-14,21.5,26.0,17.0
2015-07-15,23.67,28.0,17.0
2015-07-16,24.89,32.0,17.0
2015-07-17,26.5,34.0,19.0
2015-07-18,25.67,32.0,18.0
2015-07-19,26.0,34.0,19.0
2015-07-20,25.28,30.0,19.0
2015-07-21,26.72,32.0,19.0
2015-07-22,27.17,34.0,19.0
2015-07-23,24.22,30.0,20.0
2015-07-24,24.06,29.0,19.0
2015-07-25,22.0,27.0,16.0
2015-07-26,18.5,23.0,14.0
2015-07-27,17.56,23.0,14.0
2015-07-28,19.22,23.0,16.0
2015-07-29,16.56,21.0,13.0
2015-07-30,16.94,19.0,13.0
2015-07-31,18.94,24.0,12.0
2015-08-01,20.61,24.0,12.0
2015-08-02,17.33,21.0,15.0
2015-08-03,21.33,28.0,15.0
2015-08-04,24.28,31.0,16.0
2015-08-05,24.94,30.0,18.0
2015-08-06,26.39,32.0,18.0
2015-08-07,26.94,33.0,17.0
2015-08-08,25.72,32.0,19.0
2015-08-09,26.33,32.0,17.0
2015-08-10,25.72,31.0,17.0
2015-08-11,25.56,31.0,16.0
2015-08-12,25.44,33.0,16.0
2015-08-13,26.56,34.0,18.0
2015-08-14,26.39,33.0,17.0
2015-08-15,22.89,28.0,18.0
2015-08-16,19.78,25.0,16.0
2015-08-17,17.28,18.0,16.0
2015-08-18,18.22,23.0,14.0
2015-08-19,16.11,20.0,14.0
2015-08-20,15.83,19.0,14.0
2015-08-21,17.11,22.0,14.0
2015-08-22,17.83,24.0,11.0
2015-08-23,19.61,24.0,11.0
2015-08-24,21.83,28.0,15.0
2015-08-25,16.28,20.0,13.0
2015-08-26,18.56,26.0,11.0
2015-08-27,22.22,30.0,12.0
2015-08-28,23.5,31.0,14.0
2015-08-29,24.5,32.0,16.0
2015-08-30,25.78,33.0,17.0
2015-08-31,24.83,32.0,15.0
2015-09-01,23.72,32.0,15.0
2015-09-02,17.78,21.0,15.0
2015-09-03,17.28,21.0,14.0
2015-09-04,16.83,19.0,13.0
2015-09-05,13.0,15.0,11.0
2015-09-06,12.39,15.0,8.0
2015-09-07,12.5,16.0,6.0
2015-09-08,13.39,18.0,9.0
2015-09-09,12.78,18.0,9.0
2015-09-10,13.11,18.0,8.0
2015-09-11,14.11,20.0,8.0
2015-09-12,16.78,24.0,9.0
2015-09-13,18.72,23.0,10.0
2015-09-14,16.94,19.0,12.0
2015-09-15,16.28,21.0,12.0
2015-09-16,21.11,26.0,12.0
2015-09-17,22.67,29.0,14.0
2015-09-18,17.28,24.0,13.0
2015-09-19,16.33,20.0,13.0
2015-09-20,14.39,19.0,10.0
2015-09-21,13.11,19.0,8.0
2015-09-22,15.0,19.0,6.0
2015-09-23,10.11,14.0,7.0
2015-09-24,10.67,13.0,7.0
2015-09-25,12.28,16.0,10.0
2015-09-26,12.94,16.0,11.0
2015-09-27,12.06,15.0,9.0
2015-09-28,10.22,15.0,5.0
2015-09-29,10.61,16.0,2.0
2015-09-30,9.56,14.0,5.0
2015-10-01,10.22,16.0,6.0
2015-10-02,12.44,19.0,5.0
2015-10-03,13.94,22.0,7.0
2015-10-04,12.61,18.0,7.0
2015-10-05,12.72,19.0,8.0
2015-10-06,14.5,19.0,10.0
2015-10-07,13.28,15.0,13.0
2015-10-08,12.78,15.0,11.0
2015-10-09,13.39,17.0,10.0
2015-10-10,10.94,13.0,10.0
2015-10-11,8.67,11.0,6.0
2015-10-12,7.06,12.0,3.0
2015-10-13,7.39,9.0,4.0
2015-10-14,7.44,9.0,7.0
2015-10-15,8.83,11.0,7.0
2015-10-16,7.72,10.0,5.0
2015-10-17,7.33,10.0,4.0
2015-10-18,7.67,11.0,4.0
2015-10-19,6.72,9.0,5.0
2015-10-20,6.78,10.0,3.0
2015-10-21,7.11,12.0,2.0
2015-10-22,7.5,12.0,4.0
2015-10-23,8.61,15.0,4.0
2015-10-24,7.44,14.0,2.0
2015-10-25,8.72,14.0,2.0
2015-10-26,8.89,15.0,3.0
2015-10-27,9.06,14.0,4.0
2015-10-28,8.94,13.0,4.0
2015-10-29,9.44,11.0,6.0
2015-10-30,10.28,14.0,7.0
2015-10-31,8.44,15.0,3.0
2015-11-01,7.67,14.0,1.0
2015-11-02,4.83,12.0,-2.0
2015-11-03,4.44,13.0,-2.0
2015-11-04,6.5,14.0,0.0
2015-11-05,6.67,16.0,2.0
2015-11-06,7.28,14.0,1.0
2015-11-07,10.11,16.0,4.0
2015-11-08,11.33,19.0,6.0
2015-11-09,11.94,18.0,4.0
2015-11-10,12.28,19.0,7.0
2015-11-11,10.61,17.0,4.0
2015-11-12,7.06,13.0,2.0
2015-11-13,7.22,13.0,1.0
2015-11-14,7.83,12.0,4.0
2015-11-15,9.5,15.0,3.0
2015-11-16,11.56,18.0,3.0
2015-11-17,8.11,13.0,1.0
2015-11-18,10.33,19.0,3.0
2015-11-19,8.61,15.0,0.0
2015-11-20,8.56,12.0,6.0
2015-11-21,4.33,7.0,1.0
2015-11-22,1.89,4.0,-1.0
2015-11-23,0.11,4.0,-3.0
2015-11-24,-1.22,4.0,-5.0
2015-11-25,-0.56,1.0,-5.0
2015-11-26,0.67,2.0,-1.0
2015-11-27,1.22,3.0,-1.0
2015-11-28,1.61,4.0,-2.0
2015-11-29,2.83,6.0,-3.0
2015-11-30,6.22,12.0,0.0
2015-12-01,7.89,10.0,5.0
2015-12-02,7.5,11.0,4.0
2015-12-03,3.72,8.0,0.0
2015-12-04,2.78,9.0,-2.0
2015-12-05,2.72,10.0,0.0
2015-12-06,1.22,4.0,-1.0
2015-12-07,0.61,6.0,-2.0
2015-12-08,0.11,3.0,-2.0
2015-12-09,1.83,5.0,-1.0
2015-12-10,1.83,6.0,-3.0
2015-12-11,-1.56,2.0,-5.0
2015-12-12,1.56,3.0,-4.0
2015-12-13,0.44,6.0,-6.0
2015-12-14,0.28,5.0,-6.0
2015-12-15,0.94,4.0,-2.0
2015-12-16,2.06,5.0,-1.0
2015-12-17,2.94,6.0,2.0
2015-12-18,2.39,3.0,1.0
2015-12-19,2.17,5.0,0.0
2015-12-20,1.33,4.0,-2.0
2015-12-21,1.44,4.0,0.0
2015-12-22,2.56,11.0,-2.0
2015-12-23,1.44,8.0,-3.0
2015-12-24,1.0,8.0,-4.0
2015-12-25,0.78,7.0,-3.0
2015-12-26,0.44,7.0,-4.0
2015-12-27,-0.83,5.0,-4.0
2015-12-28,-0.39,6.0,-5.0
2015-12-29,-0.61,5.0,-6.0
2015-12-30,-0.22,3.0,-4.0
2015-12-31,-2.22,0.0,-5.0
2016-01-01,-0.94,3.0,-2.0
2016-01-02,-1.44,0.0,-3.0
2016-01-03,-3.06,-3.0,-6.0
2016-01-04,-4.0,-4.0,-7.0
2016-01-05,-4.11,-4.0,-7.0
2016-01-06,-2.89,-2.0,-5.0
2016-01-07,-1.28,1.0,-4.0
2016-01-08,1.17,3.0,-3.0
2016-01-09,1.17,2.0,-1.0
2016-01-10,2.33,3.0,1.0
2016-01-11,3.0,6.0,1.0
2016-01-12,3.56,5.0,1.0
2016-01-13,2.56,5.0,-2.0
2016-01-14,0.89,5.0,-3.0
2016-01-15,0.33,3.0,-2.0
2016-01-16,-1.39,1.0,-3.0
2016-01-17,-2.72,0.0,-4.0
2016-01-18,-5.06,-1.0,-9.0
2016-01-19,-6.28,-3.0,-12.0
2016-01-20,-3.94,1.0,-9.0
2016-01-21,-3.28,1.0,-10.0
2016-01-22,-6.94,-1.0,-11.0
2016-01-23,-4.33,-1.0,-10.0
2016-01-24,0.06,4.0,-7.0
2016-01-25,2.06,8.0,0.0
2016-01-26,2.67,9.0,-2.0
2016-01-27,2.56,7.0,-4.0
2016-01-28,4.78,13.0,-3.0
2016-01-29,4.06,11.0,0.0
2016-01-30,1.17,6.0,-3.0
2016-01-31,3.56,7.0,1.0
2016-02-01,7.22,14.0,2.0
2016-02-02,5.0,11.0,1.0
2016-02-03,3.44,6.0,1.0
2016-02-04,2.06,5.0,0.0
2016-02-05,2.72,6.0,1.0
2016-02-06,2.56,9.0,-1.0
2016-02-07,6.94,10.0,2.0
2016-02-08,6.67,11.0,3.0
2016-02-09,8.44,13.0,2.0
2016-02-10,2.44,5.0,-1.0
2016-02-11,1.39,6.0,-3.0
2016-02-12,0.44,5.0,-4.0
2016-02-13,2.44,7.0,-1.0
2016-02-14,2.83,6.0,-1.0
2016-02-15,4.44,7.0,2.0
2016-02-16,3.44,5.0,2.0
2016-02-17,2.56,5.0,0.0
2016-02-18,3.0,4.0,0.0
2016-02-19,3.22,6.0,2.0
2016-02-20,3.17,7.0,-1.0
2016-02-21,7.5,14.0,1.0
2016-02-22,9.39,18.0,0.0
2016-02-23,8.61,12.0,3.0
2016-02-24,3.72,7.0,-1.0
2016-02-25,3.28,6.0,-1.0
2016-02-26,2.33,6.0,-1.0
2016-02-27,2.89,8.0,-2.0
2016-02-28,6.17,10.0,1.0
2016-02-29,5.56,7.0,4.0
2016-03-01,2.44,4.0,0.0
2016-03-02,4.78,10.0,-1.0
2016-03-03,2.33,5.0,0.0
2016-03-04,3.56,8.0,0.0
2016-03-05,6.67,11.0,1.0
2016-03-06,4.39,7.0,1.0
2016-03-07,2.06,5.0,0.0
2016-03-08,2.17,5.0,1.0
2016-03-09,2.89,7.0,0.0
2016-03-10,5.0,10.0,-3.0
2016-03-11,5.89,7.0,1.0
2016-03-12,5.22,7.0,4.0
2016-03-13,4.78,6.0,3.0
2016-03-14,4.94,10.0,0.0
2016-03-15,1.5,5.0,-2.0
2016-03-16,3.33,7.0,-1.0
2016-03-17,5.56,12.0,0.0
2016-03-18,7.28,14.0,-2.0
2016-03-19,7.28,14.0,0.0
2016-03-20,7.89,15.0,2.0
2016-03-21,7.56,12.0,3.0
2016-03-22,7.17,10.0,5.0
2016-03-23,5.28,8.0,2.0
2016-03-24,4.72,9.0,2.0
2016-03-25,6.56,10.0,0.0
2016-03-26,6.44,11.0,3.0
2016-03-27,9.56,14.0,0.0
2016-03-28,10.83,16.0,5.0
2016-03-29,11.11,16.0,3.0
2016-03-30,11.61,18.0,5.0
2016-03-31,16.56,22.0,6.0
2016-04-01,13.61,19.0,8.0
2016-04-02,12.22,17.0,6.0
2016-04-03,15.5,21.0,5.0
2016-04-04,16.72,23.0,6.0
2016-04-05,17.06,24.0,11.0
2016-04-06,13.83,17.0,8.0
2016-04-07,12.72,18.0,8.0
2016-04-08,8.33,10.0,6.0
2016-04-09,7.89,9.0,5.0
2016-04-10,9.94,14.0,5.0
2016-04-11,11.39,18.0,3.0
2016-04-12,12.33,17.0,5.0
2016-04-13,13.89,20.0,5.0
2016-04-14,10.17,13.0,6.0
2016-04-15,11.5,17.0,3.0
2016-04-16,15.61,21.0,4.0
2016-04-17,15.11,19.0,8.0
2016-04-18,8.89,11.0,8.0
2016-04-19,10.06,15.0,6.0
2016-04-20,10.83,15.0,5.0
2016-04-21,12.83,20.0,2.0
2016-04-22,14.78,21.0,4.0
2016-04-23,11.67,16.0,9.0
2016-04-24,5.89,8.0,3.0
2016-04-25,3.94,8.0,0.0
2016-04-26,7.72,14.0,-1.0
2016-04-27,2.61,7.0,0.0
2016-04-28,4.06,10.0,-1.0
2016-04-29,7.94,15.0,-1.0
2016-04-30,12.83,19.0,2.0
2016-05-01,10.11,13.0,7.0
2016-05-02,10.06,12.0,8.0
2016-05-03,11.67,16.0,7.0
2016-05-04,9.33,11.0,7.0
2016-05-05,11.61,18.0,7.0
2016-05-06,16.0,22.0,6.0
2016-05-07,16.61,22.0,7.0
2016-05-08,16.06,21.0,8.0
2016-05-09,17.22,22.0,9.0
2016-05-10,15.28,18.0,9.0
2016-05-11,15.56,19.0,11.0
2016-05-12,13.56,15.0,11.0
2016-05-13,12.83,15.0,10.0
2016-05-14,13.0,17.0,10.0
2016-05-15,10.0,13.0,6.0
2016-05-16,8.61,12.0,6.0
2016-05-17,10.67,15.0,5.0
2016-05-18,14.28,19.0,8.0
2016-05-19,11.83,19.0,7.0
2016-05-20,13.5,19.0,9.0
2016-05-21,17.83,23.0,7.0
2016-05-22,22.17,27.0,10.0
2016-05-23,17.17,23.0,10.0
2016-05-24,11.5,14.0,8.0
2016-05-25,16.39,22.0,10.0
2016-05-26,19.17,24.0,11.0
2016-05-27,21.33,27.0,12.0
2016-05-28,20.67,27.0,15.0
2016-05-29,20.44,26.0,14.0
2016-05-30,17.11,20.0,13.0
2016-05-31,15.33,20.0,11.0
2016-06-01,14.28,19.0,11.0
2016-06-02,16.17,21.0,12.0
2016-06-03,17.22,22.0,12.0
2016-06-04,18.06,23.0,12.0
2016-06-05,16.44,21.0,14.0
2016-06-06,18.89,25.0,13.0
2016-06-07,18.94,24.0,11.0
2016-06-08,17.67,24.0,13.0
2016-06-09,16.0,18.0,13.0
2016-06-10,18.22,23.0,13.0
2016-06-11,16.0,21.0,12.0
2016-06-12,16.11,21.0,14.0
2016-06-13,17.44,23.0,14.0
2016-06-14,16.72,22.0,12.0
2016-06-15,15.83,22.0,13.0
2016-06-16,19.78,26.0,13.0
2016-06-17,17.83,21.0,14.0
2016-06-18,17.39,23.0,12.0
2016-06-19,15.39,18.0,12.0
2016-06-20,15.44,19.0,13.0
2016-06-21,20.28,25.0,12.0
2016-06-22,23.22,28.0,16.0
2016-06-23,25.56,30.0,16.0
2016-06-24,26.78,32.0,18.0
2016-06-25,24.06,31.0,19.0
2016-06-26,19.33,24.0,16.0
2016-06-27,16.56,20.0,13.0
2016-06-28,20.61,25.0,14.0
2016-06-29,23.22,28.0,13.0
2016-06-30,21.28,28.0,16.0
2016-07-01,23.11,28.0,16.0
2016-07-02,22.28,28.0,17.0
2016-07-03,16.72,21.0,14.0
2016-07-04,20.33,25.0,13.0
2016-07-05,20.89,28.0,14.0
2016-07-06,20.83,25.0,15.0
2016-07-07,20.33,25.0,13.0
2016-07-08,21.94,28.0,13.0
2016-07-09,21.89,27.0,17.0
2016-07-10,24.67,31.0,16.0
2016-07-11,25.39,33.0,18.0
2016-07-12,21.39,27.0,18.0
2016-07-13,17.44,20.0,15.0
2016-07-14,14.33,17.0,11.0
2016-07-15,15.06,18.0,10.0
2016-07-16,14.78,18.0,12.0
2016-07-17,17.06,22.0,13.0
2016-07-18,20.94,27.0,15.0
2016-07-19,23.17,28.0,15.0
2016-07-20,23.56,29.0,16.0
2016-07-21,22.83,28.0,16.0
2016-07-22,21.56,28.0,17.0
2016-07-23,22.33,28.0,17.0
2016-07-24,22.72,28.0,17.0
2016-07-25,21.33,25.0,18.0
2016-07-26,21.83,27.0,18.0
2016-07-27,20.33,27.0,17.0
2016-07-28,19.83,25.0,17.0
2016-07-29,22.0,27.0,16.0
2016-07-30,23.39,30.0,17.0
2016-07-31,20.56,27.0,17.0
2016-08-01,18.39,22.0,15.0
2016-08-02,19.89,25.0,13.0
2016-08-03,22.83,28.0,16.0
2016-08-04,24.28,30.0,17.0
2016-08-05,17.22,23.0,13.0
2016-08-06,17.61,22.0,13.0
2016-08-07,19.83,25.0,13.0
2016-08-08,21.11,27.0,12.0
2016-08-09,17.06,24.0,13.0
2016-08-10,12.78,15.0,11.0
2016-08-11,13.22,18.0,9.0
2016-08-12,14.17,18.0,9.0
2016-08-13,19.28,25.0,13.0
2016-08-14,22.06,28.0,13.0
2016-08-15,19.61,25.0,16.0
2016-08-16,20.5,25.0,14.0
2016-08-17,18.72,23.0,15.0
2016-08-18,18.11,23.0,14.0
2016-08-19,19.44,25.0,14.0
2016-08-20,21.61,27.0,15.0
2016-08-21,17.67,19.0,13.0
2016-08-22,16.06,20.0,12.0
2016-08-23,19.22,25.0,10.0
2016-08-24,20.39,26.0,12.0
2016-08-25,21.28,27.0,13.0
2016-08-26,21.78,28.0,13.0
2016-08-27,23.33,30.0,14.0
2016-08-28,23.28,30.0,15.0
2016-08-29,19.56,24.0,17.0
2016-08-30,20.22,25.0,16.0
2016-08-31,20.0,26.0,14.0
2016-09-01,19.78,26.0,13.0
2016-09-02,20.11,26.0,14.0
2016-09-03,20.67,27.0,13.0
2016-09-04,21.56,27.0,15.0
2016-09-05,16.67,20.0,14.0
2016-09-06,14.39,16.0,13.0
2016-09-07,18.11,24.0,13.0
2016-09-08,19.78,27.0,13.0
2016-09-09,20.61,27.0,13.0
2016-09-10,20.5,27.0,13.0
2016-09-11,20.17,27.0,15.0
2016-09-12,20.78,28.0,14.0
2016-09-13,21.0,28.0,14.0
2016-09-14,20.72,27.0,14.0
2016-09-15,20.56,27.0,13.0
2016-09-16,18.83,23.0,12.0
2016-09-17,14.89,19.0,13.0
2016-09-18,15.56,19.0,13.0
2016-09-19,15.06,18.0,13.0
2016-09-20,13.72,17.0,11.0
2016-09-21,13.06,18.0,10.0
2016-09-22,12.83,19.0,7.0
2016-09-23,13.89,20.0,6.0
2016-09-24,14.5,22.0,8.0
2016-09-25,14.5,22.0,7.0
2016-09-26,14.17,21.0,8.0
2016-09-27,14.22,21.0,8.0
2016-09-28,15.06,22.0,8.0
2016-09-29,16.44,24.0,8.0
2016-09-30,16.67,24.0,9.0
2016-10-01,16.11,23.0,9.0
2016-10-02,13.89,16.0,11.0
2016-10-03,11.78,16.0,7.0
2016-10-04,9.94,12.0,6.0
2016-10-05,7.44,11.0,3.0
2016-10-06,8.22,10.0,5.0
2016-10-07,7.78,10.0,6.0
2016-10-08,8.11,11.0,6.0
2016-10-09,7.89,12.0,5.0
2016-10-10,6.78,10.0,3.0
2016-10-11,5.83,9.0,4.0
2016-10-12,5.89,9.0,2.0
2016-10-13,6.61,11.0,-1.0
2016-10-14,11.5,15.0,5.0
2016-10-15,12.44,16.0,8.0
2016-10-16,12.61,19.0,7.0
2016-10-17,10.56,14.0,7.0
2016-10-18,10.11,12.0,9.0
2016-10-19,9.17,11.0,8.0
2016-10-20,6.78,9.0,4.0
2016-10-21,6.17,9.0,3.0
2016-10-22,6.17,12.0,2.0
2016-10-23,7.11,13.0,1.0
2016-10-24,10.11,17.0,6.0
2016-10-25,13.44,18.0,7.0
2016-10-26,12.0,14.0,10.0
2016-10-27,9.78,12.0,6.0
2016-10-28,8.22,14.0,4.0
2016-10-29,9.56,13.0,6.0
2016-10-30,8.39,11.0,4.0
2016-10-31,6.33,13.0,3.0
2016-11-01,5.61,14.0,1.0
2016-11-02,7.72,12.0,2.0
2016-11-03,6.06,9.0,0.0
2016-11-04,3.39,9.0,-2.0
2016-11-05,4.39,8.0,1.0
2016-11-06,5.72,8.0,2.0
2016-11-07,3.22,5.0,1.0
2016-11-08,1.67,4.0,0.0
2016-11-09,1.5,5.0,-1.0
2016-11-10,3.06,7.0,0.0
2016-11-11,3.06,5.0,0.0
2016-11-12,2.5,4.0,1.0
2016-11-13,0.33,3.0,-3.0
2016-11-14,0.0,3.0,-4.0
2016-11-15,0.56,3.0,-4.0
2016-11-16,3.94,5.0,1.0
2016-11-17,5.06,8.0,2.0
2016-11-18,6.89,10.0,3.0
2016-11-19,7.72,9.0,3.0
2016-11-20,6.17,9.0,3.0
2016-11-21,10.28,15.0,4.0
2016-11-22,10.94,16.0,6.0
2016-11-23,7.83,10.0,3.0
2016-11-24,5.89,8.0,5.0
2016-11-25,5.83,7.0,5.0
2016-11-26,6.22,8.0,5.0
2016-11-27,6.72,8.0,4.0
2016-11-28,1.72,4.0,-2.0
2016-11-29,-2.22,2.0,-6.0
2016-11-30,-1.22,3.0,-7.0
2016-12-01,2.39,5.0,0.0
2016-12-02,3.33,7.0,-3.0
2016-12-03,-0.17,4.0,-4.0
2016-12-04,-2.33,1.0,-6.0
2016-12-05,-2.39,2.0,-5.0
2016-12-06,-2.56,3.0,-7.0
2016-12-07,-1.89,4.0,-5.0
2016-12-08,-2.0,4.0,-6.0
2016-12-09,1.72,8.0,-6.0
2016-12-10,2.11,9.0,-6.0
2016-12-11,2.56,10.0,-6.0
2016-12-12,3.56,7.0,1.0
2016-12-13,0.17,5.0,-3.0
2016-12-14,0.78,6.0,-3.0
2016-12-15,0.72,5.0,-4.0
2016-12-16,-0.28,3.0,-5.0
2016-12-17,-3.28,2.0,-5.0
2016-12-18,-0.61,2.0,-4.0
2016-12-19,-0.11,2.0,-2.0
2016-12-20,-2.28,-1.0,-4.0
2016-12-21,-2.83,-2.0,-4.0
2016-12-22,-3.44,-3.0,-4.0
2016-12-23,-2.5,0.0,-5.0
2016-12-24,-0.83,2.0,-4.0
2016-12-25,3.22,7.0,2.0
2016-12-26,6.0,10.0,2.0
2016-12-27,4.17,6.0,2.0
2016-12-28,2.78,5.0,1.0
2016-12-29,-0.67,2.0,-6.0
2016-12-30,-3.61,2.0,-8.0
2016-12-31,-4.5,2.0,-9.0
2017-01-01,-5.12,1.5,-9.5
2017-01-02,-2.94,2.0,-9.0
2017-01-03,-1.25,3.0,-5.5
2017-01-04,0.0,4.5,-2.5
2017-01-05,-2.94,0.5,-6.0
2017-01-06,-7.5,-5.5,-12.0
2017-01-07,-9.06,-6.0,-15.5
2017-01-08,-5.75,-3.0,-9.0
2017-01-09,-3.56,-1.0,-7.5
2017-01-10,-6.5,-3.5,-10.0
2017-01-11,-6.81,-4.0,-13.0
2017-01-12,1.06,3.5,-7.0
2017-01-13,1.19,4.5,-1.5
2017-01-14,-1.31,1.5,-4.5
2017-01-15,-4.19,0.5,-6.5
2017-01-16,-5.0,-2.5,-8.0
2017-01-17,-4.5,-2.0,-8.0
2017-01-18,-5.31,-2.5,-8.0
2017-01-19,-7.12,-3.0,-10.0
2017-01-20,-9.25,-3.0,-13.0
2017-01-21,-9.06,-4.0,-13.5
2017-01-22,-7.38,-0.5,-14.5
2017-01-23,-8.5,-4.0,-13.0
2017-01-24,-8.38,-5.5,-11.5
2017-01-25,-5.94,-3.5,-8.5
2017-01-26,-4.44,-1.0,-6.0
2017-01-27,-6.38,-1.5,-10.0
2017-01-28,-7.06,-3.0,-7.5
2017-01-29,-7.44,-3.0,-8.5
2017-01-30,-5.25,-3.5,-9.0
2017-01-31,-2.31,0.0,-6.0
2017-02-01,-0.62,1.0,-3.0
2017-02-02,0.12,2.5,-2.0
2017-02-03,1.38,6.5,-2.0
2017-02-04,3.44,8.5,0.0
2017-02-05,3.62,8.5,-0.5
2017-02-06,1.75,2.5,0.0
2017-02-07,0.75,3.0,-0.5
2017-02-08,-0.38,1.5,-2.0
2017-02-09,-0.81,0.0,-3.5
2017-02-10,-0.38,1.0,-1.0
2017-02-11,0.44,3.5,-1.5
2017-02-12,1.25,3.0,0.0
2017-02-13,0.62,3.0,-2.0
2017-02-14,-0.19,6.0,-3.0
2017-02-15,1.06,9.5,-5.0
2017-02-16,0.38,10.0,-4.0
2017-02-17,1.62,5.0,-2.5
2017-02-18,2.88,6.0,0.0
2017-02-19,2.19,8.0,-3.5
2017-02-20,3.5,9.0,-1.0
2017-02-21,6.75,10.5,3.5
2017-02-22,8.44,14.5,5.0
2017-02-23,10.56,16.5,3.0
2017-02-24,6.81,11.5,2.0
2017-02-25,2.69,9.0,-2.0
2017-02-26,4.25,9.5,-2.0
2017-02-27,6.56,13.0,-1.0
2017-02-28,7.94,10.5,1.5
2017-03-01,5.44,10.0,0.5
2017-03-02,6.56,12.5,-0.5
2017-03-03,7.88,13.5,-1.0
2017-03-04,11.75,17.0,4.0
2017-03-05,7.88,11.5,2.0
2017-03-06,6.5,10.5,1.5
2017-03-07,5.44,9.0,3.0
2017-03-08,6.12,10.0,1.0
2017-03-09,8.25,11.5,3.0
2017-03-10,5.81,9.0,3.0
2017-03-11,6.25,11.0,-0.5
2017-03-12,4.44,9.0,0.0
2017-03-13,4.75,11.5,-2.0
2017-03-14,7.44,13.0,0.5
2017-03-15,8.38,14.0,1.5
2017-03-16,8.5,16.5,0.5
2017-03-17,11.31,19.0,0.0
2017-03-18,9.69,12.0,6.5
2017-03-19,9.5,15.0,6.0
2017-03-20,11.88,18.0,5.5
2017-03-21,12.19,17.0,5.0
2017-03-22,9.75,12.0,5.5
2017-03-23,9.56,17.5,4.0
2017-03-24,10.06,15.0,4.0
2017-03-25,8.56,14.0,3.0
2017-03-26,7.06,12.0,2.0
2017-03-27,7.25,15.0,-2.5
2017-03-28,11.25,20.0,0.0
2017-03-29,13.12,20.5,5.0
2017-03-30,12.69,20.0,6.0
2017-03-31,14.62,22.0,5.5
2017-04-01,15.44,23.0,5.5
2017-04-02,14.38,21.5,5.5
2017-04-03,13.81,20.0,6.5
2017-04-04,10.88,15.0,7.5
2017-04-05,10.56,14.0,8.0
2017-04-06,8.44,11.0,6.0
2017-04-07,8.19,12.0,4.0
2017-04-08,11.31,17.0,5.0
2017-04-09,12.69,19.5,4.5
2017-04-10,15.19,23.0,5.5
2017-04-11,11.44,14.5,6.0
2017-04-12,11.62,17.0,2.0
2017-04-13,11.75,15.0,7.0
2017-04-14,11.31,16.5,6.5
2017-04-15,11.88,16.0,7.0
2017-04-16,8.62,11.5,5.5
2017-04-17,7.25,11.5,4.0
2017-04-18,4.5,8.0,2.0
2017-04-19,2.19,3.5,0.0
2017-04-20,2.44,5.0,-0.5
2017-04-21,6.31,11.5,-2.5
2017-04-22,9.38,14.5,2.0
2017-04-23,7.44,10.5,3.5
2017-04-24,10.5,17.0,-0.5
2017-04-25,13.69,18.5,5.0
2017-04-26,11.12,16.0,8.0
2017-04-27,6.5,8.0,5.0
2017-04-28,4.06,6.0,1.0
2017-04-29,6.81,12.0,2.0
2017-04-30,11.12,16.5,0.5
2017-05-01,10.75,17.0,5.0
2017-05-02,11.25,17.0,5.0
2017-05-03,11.19,16.0,5.0
2017-05-04,11.62,16.5,5.0
2017-05-05,11.31,15.0,7.0
2017-05-06,15.56,21.0,4.5
2017-05-07,13.81,17.5,10.0
2017-05-08,12.75,17.0,9.0
2017-05-09,8.56,12.5,5.0
2017-05-10,10.56,16.5,2.0
2017-05-11,16.62,22.0,5.0
2017-05-12,15.88,22.0,11.0
2017-05-13,16.25,21.5,11.0
2017-05-14,16.75,22.5,9.5
2017-05-15,15.0,20.0,12.0
2017-05-16,17.88,23.0,9.5
2017-05-17,18.62,23.0,11.5
2017-05-18,20.81,26.5,11.0
2017-05-19,20.44,26.5,10.5
2017-05-20,15.0,17.0,11.0
2017-05-21,14.75,19.0,10.5
2017-05-22,16.62,23.5,8.0
2017-05-23,17.62,24.0,11.0
2017-05-24,16.44,20.5,12.0
2017-05-25,15.44,19.5,10.0
2017-05-26,18.38,23.0,9.0
2017-05-27,19.88,25.0,11.0
2017-05-28,20.69,26.5,11.5
2017-05-29,22.06,29.5,13.0
2017-05-30,22.25,30.0,14.5
2017-05-31,21.31,27.5,16.5
2017-06-01,20.06,25.5,16.0
2017-06-02,18.88,25.5,15.0
2017-06-03,21.75,28.0,14.5
2017-06-04,17.75,26.0,14.0
2017-06-05,18.12,23.5,13.0
2017-06-06,17.5,22.0,12.0
2017-06-07,13.38,17.5,9.0
2017-06-08,15.94,22.0,7.0
2017-06-09,20.81,27.0,8.0
2017-06-10,19.38,24.5,14.0
2017-06-11,21.0,26.0,11.5
2017-06-12,22.75,30.0,13.5
2017-06-13,22.75,28.5,17.0
2017-06-14,20.62,25.5,15.0
2017-06-15,22.5,28.0,14.5
2017-06-16,21.12,26.0,17.0
2017-06-17,18.06,21.5,14.5
2017-06-18,20.06,24.0,13.5
2017-06-19,22.25,28.5,11.0
2017-06-20,25.19,32.0,14.0
2017-06-21,24.44,31.0,17.5
2017-06-22,26.0,33.5,17.0
2017-06-23,24.31,31.5,18.5
2017-06-24,25.06,30.5,17.0
2017-06-25,20.44,23.0,17.0
2017-06-26,22.94,29.0,16.0
2017-06-27,22.19,28.0,17.0
2017-06-28,22.25,27.5,16.0
2017-06-29,18.69,23.5,14.5
2017-06-30,19.0,24.5,12.5
2017-07-01,18.19,24.5,13.5
2017-07-02,17.62,21.5,13.5
2017-07-03,18.69,23.0,14.0
2017-07-04,20.81,26.0,11.5
2017-07-05,23.19,30.5,13.0
2017-07-06,23.56,30.5,15.0
2017-07-07,24.0,31.0,17.0
2017-07-08,24.0,31.0,17.5
2017-07-09,23.44,29.5,18.0
2017-07-10,22.44,30.5,18.0
2017-07-11,21.06,27.0,17.0
2017-07-12,21.88,28.5,16.0
2017-07-13,20.0,24.0,15.0
2017-07-14,16.88,21.0,12.5
2017-07-15,15.5,19.5,12.0
2017-07-16,18.0,23.5,10.5
2017-07-17,21.44,27.0,11.5
2017-07-18,23.25,30.0,14.0
2017-07-19,22.38,30.0,16.5
2017-07-20,22.38,31.5,15.5
2017-07-21,21.75,29.0,15.0
2017-07-22,23.19,28.5,17.0
2017-07-23,21.69,27.5,17.0
2017-07-24,17.56,20.5,14.0
2017-07-25,15.94,20.5,12.0
2017-07-26,15.06,19.0,12.0
2017-07-27,17.0,21.5,13.0
2017-07-28,19.62,25.5,14.0
2017-07-29,21.56,28.0,14.0
2017-07-30,22.25,30.5,16.0
2017-07-31,24.44,32.0,16.5
2017-08-01,27.56,34.0,18.5
2017-08-02,24.62,32.0,19.5
2017-08-03,26.31,33.0,17.5
2017-08-04,26.44,32.0,20.0
2017-08-05,24.88,30.0,20.5
2017-08-06,18.25,20.0,15.5
2017-08-07,19.38,24.0,15.5
2017-08-08,21.62,27.5,14.0
2017-08-09,23.5,29.0,16.0
2017-08-10,20.62,25.0,16.0
2017-08-11,17.12,23.0,14.5
2017-08-12,16.69,20.0,13.0
2017-08-13,19.06,24.0,13.0
2017-08-14,21.0,27.0,12.0
2017-08-15,22.75,29.0,14.0
2017-08-16,20.06,26.5,16.0
2017-08-17,22.06,29.0,15.0
2017-08-18,24.56,31.0,16.5
2017-08-19,17.38,19.0,14.5
2017-08-20,15.88,20.5,11.5
2017-08-21,15.69,20.5,9.5
2017-08-22,16.56,22.0,9.0
2017-08-23,17.62,23.0,10.5
2017-08-24,21.12,29.0,11.5
2017-08-25,22.5,28.5,15.5
2017-08-26,23.06,30.5,16.0
2017-08-27,22.19,29.5,17.0
2017-08-28,18.5,24.0,14.5
2017-08-29,18.94,26.0,13.5
2017-08-30,21.5,28.5,13.0
2017-08-31,22.69,29.5,15.0
2017-09-01,17.06,20.5,14.0
2017-09-02,13.5,16.0,11.0
2017-09-03,11.88,15.5,9.5
2017-09-04,13.81,20.5,7.0
2017-09-05,16.31,22.0,8.5
2017-09-06,17.31,22.0,12.5
2017-09-07,15.69,19.0,12.0
2017-09-08,15.06,21.0,8.0
2017-09-09,16.56,22.5,9.5
2017-09-10,15.44,18.5,13.0
2017-09-11,15.0,18.0,12.5
2017-09-12,12.62,14.5,10.0
2017-09-13,15.0,20.5,8.0
2017-09-14,13.69,22.0,8.5
2017-09-15,12.31,16.0,7.5
2017-09-16,11.69,13.5,10.0
2017-09-17,10.69,13.0,8.0
2017-09-18,11.56,16.0,6.0
2017-09-19,9.31,11.0,7.5
2017-09-20,9.62,13.0,7.5
2017-09-21,11.19,15.5,6.0
2017-09-22,11.25,17.5,5.5
2017-09-23,12.69,19.5,6.0
2017-09-24,12.88,16.5,9.5
2017-09-25,12.81,18.0,9.0
2017-09-26,12.81,18.0,10.0
2017-09-27,13.69,18.5,9.0
2017-09-28,14.12,20.5,9.5
2017-09-29,14.0,19.0,9.5
2017-09-30,13.25,18.0,10.0
2017-10-01,12.19,15.5,8.5
2017-10-02,12.25,18.0,7.0
2017-10-03,12.0,14.5,9.5
2017-10-04,12.12,17.5,7.0
2017-10-05,14.88,23.5,9.0
2017-10-06,10.75,13.0,6.5
2017-10-07,9.19,13.5,5.5
2017-10-08,9.69,13.5,7.5
2017-10-09,10.5,14.0,8.0
2017-10-10,12.0,16.0,8.5
2017-10-11,11.94,19.0,6.5
2017-10-12,12.88,21.0,4.5
2017-10-13,12.88,19.5,7.0
2017-10-14,11.88,20.0,5.0
2017-10-15,12.69,21.5,5.5
2017-10-16,12.5,21.5,6.5
2017-10-17,12.25,20.0,5.5
2017-10-18,11.06,20.5,6.5
2017-10-19,10.5,19.0,4.5
2017-10-20,10.38,18.5,5.0
2017-10-21,10.38,16.0,7.5
2017-10-22,9.38,12.0,6.5
2017-10-23,8.0,9.5,6.5
2017-10-24,9.06,13.5,5.5
2017-10-25,8.88,16.0,4.5
2017-10-26,10.38,17.5,4.0
2017-10-27,8.44,14.0,6.0
2017-10-28,8.38,11.0,5.5
2017-10-29,9.56,15.5,6.0
2017-10-30,5.81,9.0,1.5
2017-10-31,5.19,10.0,-1.0
2017-11-01,5.88,9.0,-1.0
2017-11-02,8.19,12.5,1.0
2017-11-03,8.56,13.0,3.5
2017-11-04,7.06,12.0,3.0
2017-11-05,8.12,15.0,3.0
2017-11-06,5.12,6.5,3.5
2017-11-07,6.25,8.5,3.5
2017-11-08,6.0,7.0,4.0
2017-11-09,6.56,9.0,5.0
2017-11-10,6.44,9.0,4.0
2017-11-11,5.81,8.0,3.5
2017-11-12,5.75,9.0,3.5
2017-11-13,3.69,5.0,1.0
2017-11-14,1.69,6.5,-2.0
2017-11-15,1.25,5.0,-3.5
2017-11-16,2.5,5.0,0.0
2017-11-17,3.56,5.0,2.5
2017-11-18,4.5,7.5,2.0
2017-11-19,2.75,5.0,0.5
2017-11-20,3.0,6.0,-0.5
2017-11-21,4.38,7.5,1.0
2017-11-22,5.0,11.0,0.0
2017-11-23,2.56,10.5,-2.0
2017-11-24,3.19,9.5,-2.0
2017-11-25,4.69,9.0,1.5
2017-11-26,2.62,4.5,0.0
2017-11-27,0.62,5.0,-1.5
2017-11-28,1.25,4.5,-1.5
2017-11-29,1.12,3.0,0.0
2017-11-30,0.25,2.0,0.0
2017-12-01,-1.0,1.5,-3.5
2017-12-02,-1.56,0.5,-5.0
2017-12-03,-2.62,0.5,-5.5
2017-12-04,-1.88,1.5,-3.5
2017-12-05,1.62,4.5,-2.5
2017-12-06,0.69,4.0,-2.5
2017-12-07,-1.44,4.0,-4.5
2017-12-08,-0.38,3.0,-4.0
2017-12-09,-0.44,1.0,-6.0
2017-12-10,-2.94,2.5,-8.0
2017-12-11,5.88,11.5,0.0
2017-12-12,6.31,11.0,2.5
2017-12-13,1.0,4.5,-1.5
2017-12-14,1.75,4.5,-2.0
2017-12-15,1.75,3.0,-0.5
2017-12-16,1.25,3.0,-1.0
2017-12-17,-0.12,2.0,-1.0
2017-12-18,-1.88,1.0,-5.0
2017-12-19,-2.38,0.0,-5.0
2017-12-20,-1.19,1.5,-3.5
2017-12-21,-0.12,1.5,-5.0
2017-12-22,2.38,3.5,0.5
2017-12-23,3.88,8.0,0.5
2017-12-24,2.56,6.5,-3.5
2017-12-25,-0.5,4.0,-4.5
2017-12-26,-0.44,4.0,-5.5
2017-12-27,3.81,8.0,-2.5
2017-12-28,2.5,4.0,0.0
2017-12-29,0.38,3.0,-4.0
2017-12-30,-0.19,2.0,-3.5
2017-12-31,3.19,10.0,0.5
2018-01-01,2.56,6.5,-1.0
2018-01-02,2.75,5.5,-0.5
2018-01-03,2.69,6.5,-1.0
2018-01-04,3.31,5.0,1.5
2018-01-05,4.31,8.5,2.0
2018-01-06,3.31,7.5,0.0
2018-01-07,3.38,6.5,-0.5
2018-01-08,4.44,6.0,2.0
2018-01-09,5.31,7.0,3.0
2018-01-10,3.06,6.0,2.0
2018-01-11,2.88,5.0,1.5
2018-01-12,2.88,5.0,0.5
2018-01-13,1.44,3.0,0.0
2018-01-14,-0.38,1.0,-1.0
2018-01-15,-1.31,0.0,-2.5
2018-01-16,0.56,5.0,-2.0
2018-01-17,1.5,4.5,-0.5
2018-01-18,2.31,7.0,0.5
2018-01-19,1.81,4.5,0.0
2018-01-20,0.44,3.5,-2.5
2018-01-21,0.44,2.5,-3.0
2018-01-22,-0.5,1.5,-3.0
2018-01-23,2.0,5.5,-1.0
2018-01-24,1.5,6.5,-1.5
2018-01-25,0.94,5.5,-2.5
2018-01-26,1.19,4.5,-1.0
2018-01-27,0.88,4.5,-2.0
2018-01-28,3.38,7.0,0.0
2018-01-29,5.06,12.5,-1.0
2018-01-30,4.38,9.5,-1.0
2018-01-31,2.5,8.0,-2.0
2018-02-01,3.44,7.0,0.0
2018-02-02,1.25,2.5,-0.5
2018-02-03,0.44,1.0,-1.5
2018-02-04,-1.06,3.5,-3.0
2018-02-05,-1.69,1.5,-5.0
2018-02-06,-1.62,1.5,-3.0
2018-02-07,-0.88,1.0,-2.5
2018-02-08,0.25,2.5,-1.5
2018-02-09,0.12,2.0,-1.0
2018-02-10,-0.12,1.5,-1.0
2018-02-11,0.12,4.5,-2.0
2018-02-12,0.75,2.0,-2.0
2018-02-13,-1.19,2.0,-4.5
2018-02-14,-3.88,1.0,-8.5
2018-02-15,-1.75,2.0,-8.5
2018-02-16,1.38,4.0,-1.5
2018-02-17,1.38,3.5,-0.5
2018-02-18,0.88,3.0,-0.5
2018-02-19,-0.19,2.0,-3.0
2018-02-20,-0.94,1.0,-2.0
2018-02-21,-0.94,1.0,-2.0
2018-02-22,-1.5,-1.0,-2.0
2018-02-23,-1.56,0.0,-3.0
2018-02-24,-2.38,-0.5,-5.0
2018-02-25,-7.69,-5.0,-10.0
2018-02-26,-9.75,-8.5,-13.0
2018-02-27,-10.0,-7.5,-11.0
2018-02-28,-10.62,-6.0,-15.5
2018-03-01,-7.88,-4.5,-15.0
2018-03-02,-5.25,-4.0,-8.5
2018-03-03,-1.81,1.0,-5.0
2018-03-04,-0.12,3.5,-3.5
2018-03-05,0.44,2.5,-3.0
2018-03-06,1.25,3.5,-1.0
2018-03-07,3.69,9.5,0.0
2018-03-08,4.62,10.5,0.0
2018-03-09,5.38,12.5,-1.5
2018-03-10,7.62,12.5,2.5
2018-03-11,9.44,15.5,1.5
2018-03-12,9.62,14.5,4.5
2018-03-13,8.44,14.0,3.5
2018-03-14,6.38,10.0,2.0
2018-03-15,7.12,11.0,0.0
2018-03-16,6.69,11.0,3.5
2018-03-17,2.44,5.5,0.0
2018-03-18,-1.06,0.0,-3.0
2018-03-19,-2.75,-1.5,-4.5
2018-03-20,-1.56,1.0,-4.5
2018-03-21,-0.38,3.0,-4.0
2018-03-22,1.44,6.0,-6.0
2018-03-23,2.62,6.5,-1.0
2018-03-24,3.81,9.0,-0.5
2018-03-25,3.69,9.0,-1.5
2018-03-26,4.88,8.5,-0.5
2018-03-27,4.75,8.5,1.5
2018-03-28,7.12,11.5,0.5
2018-03-29,7.81,10.0,4.5
2018-03-30,8.06,12.5,3.5
2018-03-31,8.75,11.5,5.5
2018-04-01,6.94,11.0,4.0
2018-04-02,9.44,16.0,0.5
2018-04-03,13.5,19.0,5.5
2018-04-04,13.44,18.5,8.5
2018-04-05,10.5,15.0,5.5
2018-04-06,9.12,14.5,3.0
2018-04-07,11.0,17.0,1.0
2018-04-08,13.19,20.0,4.5
2018-04-09,15.62,23.0,6.0
2018-04-10,13.75,17.5,8.5
2018-04-11,14.94,20.5,6.5
2018-04-12,14.75,20.0,9.0
2018-04-13,14.19,20.0,7.5
2018-04-14,14.0,20.0,3.5
2018-04-15,15.69,21.0,7.5
2018-04-16,14.06,18.5,12.0
2018-04-17,14.31,20.0,9.0
2018-04-18,15.38,21.5,6.0
2018-04-19,16.31,24.5,6.5
2018-04-20,17.94,25.5,8.5
2018-04-21,18.62,27.0,8.0
2018-04-22,19.44,26.5,9.5
2018-04-23,19.0,26.5,11.0
2018-04-24,16.69,22.0,12.0
2018-04-25,19.88,25.5,9.5
2018-04-26,11.88,15.5,8.5
2018-04-27,13.19,19.5,5.5
2018-04-28,17.19,25.0,7.5
2018-04-29,20.44,27.5,10.0
2018-04-30,18.44,22.5,11.5
2018-05-01,15.75,19.5,9.0
2018-05-02,18.0,24.0,11.0
2018-05-03,17.44,23.0,12.0
2018-05-04,16.31,20.5,14.0
2018-05-05,16.56,21.0,13.0
2018-05-06,16.69,23.0,11.5
2018-05-07,17.81,23.0,10.0
2018-05-08,15.94,23.0,9.0
2018-05-09,15.38,22.5,8.5
2018-05-10,17.25,23.0,10.0
2018-05-11,16.69,23.0,12.5
2018-05-12,18.12,25.0,11.0
2018-05-13,18.62,25.0,11.5
2018-05-14,15.5,20.5,11.5
2018-05-15,11.19,13.0,9.5
2018-05-16,12.5,16.5,9.5
2018-05-17,13.94,17.5,10.0
2018-05-18,15.44,20.5,11.0
2018-05-19,15.44,21.0,9.0
2018-05-20,15.94,21.0,12.0
2018-05-21,17.38,22.0,11.0
2018-05-22,17.88,23.0,10.0
2018-05-23,18.69,24.5,11.0
2018-05-24,17.75,22.5,14.5
2018-05-25,17.19,21.5,13.0
2018-05-26,20.19,26.0,12.0
2018-05-27,19.56,27.0,13.5
2018-05-28,21.69,28.0,14.5
2018-05-29,21.62,28.0,15.5
2018-05-30,21.62,26.5,16.0
2018-05-31,21.62,29.0,15.0
2018-06-01,19.62,24.5,15.5
2018-06-02,20.06,26.0,14.5
2018-06-03,21.06,27.0,15.0
2018-06-04,20.81,27.5,15.0
2018-06-05,21.31,28.0,14.0
2018-06-06,20.44,26.5,14.0
2018-06-07,19.31,24.0,15.5
2018-06-08,21.44,27.0,15.0
2018-06-09,21.25,26.5,16.0
2018-06-10,22.56,28.0,16.0
2018-06-11,24.5,31.0,16.5
2018-06-12,20.38,27.5,15.5
2018-06-13,16.81,21.5,14.0
2018-06-14,16.12,19.5,13.5
2018-06-15,18.25,22.5,13.0
2018-06-16,19.94,24.0,11.5
2018-06-17,21.0,26.5,13.5
2018-06-18,20.94,25.5,15.5
2018-06-19,21.94,26.0,13.5
2018-06-20,23.38,28.5,14.0
2018-06-21,23.69,31.0,16.0
2018-06-22,15.19,18.5,11.5
2018-06-23,15.69,19.5,9.5
2018-06-24,15.81,20.0,12.5
2018-06-25,15.06,19.0,12.0
2018-06-26,17.25,22.0,12.0
2018-06-27,16.06,21.0,13.0
2018-06-28,16.12,18.0,13.5
2018-06-29,19.25,23.5,15.5
2018-06-30,20.62,24.5,14.5
2018-07-01,18.0,22.0,11.0
2018-07-02,19.38,24.5,12.5
2018-07-03,20.44,26.0,14.5
2018-07-04,21.88,27.5,15.0
2018-07-05,20.25,28.5,15.0
2018-07-06,17.88,21.5,17.0
2018-07-07,20.44,24.5,15.0
2018-07-08,19.81,24.5,13.0
2018-07-09,21.06,26.0,15.5
2018-07-10,18.62,25.5,14.5
2018-07-11,16.62,21.0,14.5
2018-07-12,19.38,24.5,12.0
2018-07-13,21.25,27.0,14.0
2018-07-14,21.94,27.5,14.5
2018-07-15,20.19,26.0,14.0
2018-07-16,19.19,25.5,14.0
2018-07-17,20.19,26.5,14.5
2018-07-18,22.19,28.0,14.5
2018-07-19,23.25,29.0,14.5
2018-07-20,21.88,29.0,14.5
2018-07-21,20.12,25.0,15.5
2018-07-22,18.94,22.0,16.0
2018-07-23,19.69,24.5,15.5
2018-07-24,22.31,28.0,14.5
2018-07-25,22.62,29.0,15.0
2018-07-26,21.19,27.0,16.0
2018-07-27,23.12,29.0,16.0
2018-07-28,24.75,30.0,17.0
2018-07-29,24.94,30.5,19.0
2018-07-30,25.5,31.5,18.0
2018-07-31,26.12,32.0,18.0
2018-08-01,25.88,32.0,18.5
2018-08-02,23.62,30.5,20.0
2018-08-03,24.31,32.0,18.5
2018-08-04,25.94,32.0,18.0
2018-08-05,24.06,31.5,18.0
2018-08-06,24.0,31.0,18.0
2018-08-07,22.81,31.0,18.0
2018-08-08,24.25,32.5,17.0
2018-08-09,25.94,33.5,17.0
2018-08-10,20.62,27.0,16.5
2018-08-11,20.12,26.0,16.0
2018-08-12,22.31,29.0,14.0
2018-08-13,23.12,32.0,15.0
2018-08-14,19.75,23.0,17.0
2018-08-15,20.31,26.0,16.5
2018-08-16,21.06,27.0,14.0
2018-08-17,22.81,29.5,14.0
2018-08-18,23.19,30.0,15.5
2018-08-19,23.56,30.5,16.0
2018-08-20,23.94,31.5,16.5
2018-08-21,24.06,30.5,16.5
2018-08-22,23.62,31.0,16.0
2018-08-23,23.56,30.5,16.5
2018-08-24,19.75,26.0,16.0
2018-08-25,15.94,18.0,12.0
2018-08-26,11.94,16.5,9.5
2018-08-27,16.19,23.5,7.0
2018-08-28,19.38,26.0,11.0
2018-08-29,21.38,27.0,12.0
2018-08-30,17.69,25.0,14.0
2018-08-31,16.69,19.5,13.5
2018-09-01,15.19,17.0,14.0
2018-09-02,15.62,19.0,13.5
2018-09-03,16.38,20.0,14.5
2018-09-04,17.44,21.0,14.5
2018-09-05,19.31,25.0,15.0
2018-09-06,18.0,25.0,12.5
2018-09-07,18.0,22.0,14.0
2018-09-08,18.06,23.0,13.5
2018-09-09,18.56,25.0,11.5
2018-09-10,18.81,26.0,12.0
2018-09-11,19.81,27.0,13.5
2018-09-12,20.81,28.0,12.5
2018-09-13,20.5,27.0,14.5
2018-09-14,17.19,21.5,15.0
2018-09-15,18.12,22.0,13.5
2018-09-16,18.19,24.0,13.5
2018-09-17,19.12,25.5,13.5
2018-09-18,19.62,26.5,13.5
2018-09-19,18.38,25.5,13.0
2018-09-20,18.69,26.0,13.0
2018-09-21,20.06,27.5,12.0
2018-09-22,13.38,17.0,11.0
2018-09-23,15.0,19.0,12.0
2018-09-24,11.69,14.5,8.0
2018-09-25,8.62,13.0,3.0
2018-09-26,9.12,16.5,1.5
2018-09-27,12.06,22.0,3.0
2018-09-28,15.12,22.0,5.5
2018-09-29,12.44,16.0,7.5
2018-09-30,11.12,17.0,4.0
2018-10-01,10.0,13.5,5.0
2018-10-02,9.38,12.5,6.0
2018-10-03,11.25,16.0,7.0
2018-10-04,11.12,18.0,6.5
2018-10-05,11.06,18.5,4.0
2018-10-06,15.38,22.0,5.5
2018-10-07,15.06,18.0,12.5
2018-10-08,14.19,19.0,10.0
2018-10-09,13.06,20.5,9.0
2018-10-10,14.88,22.0,8.0
2018-10-11,14.94,23.0,10.0
2018-10-12,13.62,22.0,8.5
2018-10-13,13.69,22.0,7.0
2018-10-14,14.56,21.0,9.0
2018-10-15,13.5,17.5,7.5
2018-10-16,12.44,20.5,7.0
2018-10-17,11.81,17.5,7.0
2018-10-18,11.69,18.0,9.5
2018-10-19,11.25,18.0,6.0
2018-10-20,10.19,17.0,6.5
2018-10-21,8.81,12.5,3.5
2018-10-22,7.88,14.0,2.5
2018-10-23,10.75,14.5,2.0
2018-10-24,10.81,13.5,9.0
2018-10-25,11.94,17.5,8.0
2018-10-26,10.12,16.0,5.0
2018-10-27,8.44,10.0,4.5
2018-10-28,9.19,11.5,6.5
2018-10-29,13.19,19.0,8.0
2018-10-30,13.44,17.0,6.0
2018-10-31,9.94,15.0,3.0
2018-11-01,12.5,16.5,4.5
2018-11-02,11.31,12.5,7.5
2018-11-03,11.38,14.0,9.5
2018-11-04,11.88,14.5,11.0
2018-11-05,12.5,15.0,9.0
2018-11-06,13.69,17.0,9.0
2018-11-07,11.94,15.5,8.0
2018-11-08,9.31,13.5,7.0
2018-11-09,9.5,13.0,7.5
2018-11-10,8.25,13.0,4.5
2018-11-11,8.56,16.0,3.0
2018-11-12,7.75,15.5,3.0
2018-11-13,8.81,12.5,5.0
2018-11-14,7.69,12.0,3.0
2018-11-15,6.0,10.0,2.5
2018-11-16,4.81,9.0,1.0
2018-11-17,2.06,7.0,-2.0
2018-11-18,0.94,3.5,-2.5
2018-11-19,0.38,1.5,-1.0
2018-11-20,0.88,2.5,0.0
2018-11-21,2.62,4.5,0.5
2018-11-22,3.38,5.0,2.5
2018-11-23,3.81,6.0,3.5
2018-11-24,5.44,6.5,3.5
2018-11-25,4.56,6.5,4.0
2018-11-26,3.38,5.0,2.5
2018-11-27,1.56,2.5,0.0
2018-11-28,-0.06,4.0,-3.0
2018-11-29,-1.44,0.5,-4.0
2018-11-30,-1.38,0.0,-3.5
2018-12-01,-0.31,3.0,-3.0
2018-12-02,0.75,1.5,-3.0
2018-12-03,4.38,8.5,0.0
2018-12-04,6.56,12.0,3.0
2018-12-05,3.19,6.0,-0.5
2018-12-06,3.0,4.0,0.5
2018-12-07,4.62,9.0,2.0
2018-12-08,6.06,9.0,2.5
2018-12-09,4.75,8.0,2.5
2018-12-10,3.06,6.0,0.5
2018-12-11,1.06,3.5,0.0
2018-12-12,-0.06,3.0,-2.0
2018-12-13,-1.88,0.0,-3.0
2018-12-14,-2.5,-1.0,-3.0
2018-12-15,-3.0,-1.0,-6.0
2018-12-16,-3.56,-1.5,-9.0
2018-12-17,-2.81,0.5,-5.0
2018-12-18,-1.38,3.5,-4.0
2018-12-19,-1.06,0.5,-4.0
2018-12-20,-1.06,1.0,-3.0
2018-12-21,-0.12,2.0,-3.5
2018-12-22,4.88,10.5,1.0
2018-12-23,4.25,8.0,3.5
2018-12-24,3.25,8.5,1.0
2018-12-25,0.88,3.0,-2.5
2018-12-26,-0.12,5.0,-5.0
2018-12-27,0.69,6.5,-5.5
2018-12-28,0.81,5.5,-4.0
2018-12-29,-0.06,4.0,-4.5
2018-12-30,2.5,5.0,-2.5
2018-12-31,2.5,5.0,0.5
2019-01-01,3.44,5.5,1.0
2019-01-02,0.56,4.5,-2.5
2019-01-03,-2.19,-0.5,-3.5
2019-01-04,-2.25,0.0,-5.0
2019-01-05,0.06,2.5,-1.5
2019-01-06,1.12,3.0,0.5
2019-01-07,-0.12,2.5,-2.0
2019-01-08,0.44,3.5,-2.0
2019-01-09,0.5,3.0,-1.0
2019-01-10,-0.38,1.5,-2.0
2019-01-11,-2.31,-0.5,-4.0
2019-01-12,0.31,4.5,-3.5
2019-01-13,3.19,6.5,-1.0
2019-01-14,3.38,6.5,-1.0
2019-01-15,0.94,4.5,-3.0
2019-01-16,0.88,3.5,-3.5
2019-01-17,2.69,8.0,-3.5
2019-01-18,1.25,4.5,-5.0
2019-01-19,-4.0,-1.0,-6.0
2019-01-20,-3.38,0.0,-6.0
2019-01-21,-2.75,0.0,-6.5
2019-01-22,-4.12,-3.0,-7.5
2019-01-23,-4.62,-3.0,-6.0
2019-01-24,-3.31,-2.0,-4.5
2019-01-25,-4.62,-1.0,-8.0
2019-01-26,-2.69,1.5,-8.0
2019-01-27,-1.19,1.0,-5.0
2019-01-28,1.0,4.0,-1.0
2019-01-29,-0.5,3.0,-4.0
2019-01-30,-1.44,2.0,-5.5
2019-01-31,-2.81,0.0,-6.5
2019-02-01,1.12,6.0,-4.0
2019-02-02,5.38,8.5,1.5
2019-02-03,2.75,4.5,0.0
2019-02-04,0.25,3.5,-4.0
2019-02-05,-2.38,4.0,-6.5
2019-02-06,-2.81,4.0,-7.5
2019-02-07,-1.25,4.5,-7.5
2019-02-08,1.38,8.0,-1.0
2019-02-09,1.5,9.0,-3.0
2019-02-10,3.0,9.0,-2.0
2019-02-11,3.69,6.5,1.0
2019-02-12,2.12,4.5,1.0
2019-02-13,1.81,7.0,-1.5
2019-02-14,2.44,10.5,-2.0
2019-02-15,3.19,11.5,-3.5
2019-02-16,2.75,11.5,-4.0
2019-02-17,2.56,12.0,-4.0
2019-02-18,3.38,12.0,-4.0
2019-02-19,5.5,13.5,-3.0
2019-02-20,5.19,10.5,0.5
2019-02-21,7.5,13.0,1.0
2019-02-22,6.31,9.5,2.5
2019-02-23,0.0,3.5,-4.0
2019-02-24,0.88,4.0,-5.5
2019-02-25,5.06,13.0,-1.0
2019-02-26,8.62,15.5,0.5
2019-02-27,7.5,16.0,0.0
2019-02-28,11.75,19.0,-1.0
2019-03-01,8.81,12.5,6.0
2019-03-02,5.62,8.5,2.0
2019-03-03,7.31,15.0,1.5
2019-03-04,8.19,17.5,2.0
2019-03-05,7.06,11.5,3.0
2019-03-06,9.31,14.0,0.5
2019-03-07,11.0,16.5,6.0
2019-03-08,8.25,13.5,3.5
2019-03-09,9.0,14.0,3.0
2019-03-10,10.12,15.5,3.0
2019-03-11,5.19,9.5,0.5
2019-03-12,3.94,8.0,-1.5
2019-03-13,4.31,9.0,0.5
2019-03-14,5.62,9.5,1.5
2019-03-15,6.81,11.0,3.5
2019-03-16,9.19,15.5,4.0
2019-03-17,10.75,19.5,-0.5
2019-03-18,4.69,8.0,2.0
2019-03-19,4.19,8.0,0.0
2019-03-20,3.5,9.0,-1.5
2019-03-21,5.5,13.0,-3.0
2019-03-22,9.25,17.0,-2.0
2019-03-23,10.12,19.0,0.5
2019-03-24,11.56,19.0,1.0
2019-03-25,7.62,11.5,3.0
2019-03-26,5.81,9.0,1.0
2019-03-27,5.69,8.0,2.0
2019-03-28,8.44,13.0,2.5
2019-03-29,8.88,15.0,2.5
2019-03-30,9.81,17.5,0.0
2019-03-31,12.06,19.0,1.0
2019-04-01,10.38,16.5,4.0
2019-04-02,13.06,18.5,2.5
2019-04-03,12.56,19.0,7.0
2019-04-04,12.12,17.0,4.5
2019-04-05,8.44,11.5,7.0
2019-04-06,9.31,14.0,5.5
2019-04-07,11.12,17.0,3.0
2019-04-08,11.0,14.5,7.0
2019-04-09,12.38,17.5,8.0
2019-04-10,9.5,12.0,8.0
2019-04-11,7.62,9.0,6.0
2019-04-12,6.69,9.0,4.0
2019-04-13,6.31,9.0,4.0
2019-04-14,6.12,8.0,4.0
2019-04-15,8.5,15.0,4.0
2019-04-16,10.0,16.5,2.0
2019-04-17,11.25,18.0,2.5
2019-04-18,13.19,19.0,4.5
2019-04-19,14.44,22.0,5.0
2019-04-20,14.44,21.0,4.0
2019-04-21,14.69,21.5,3.5
2019-04-22,16.12,22.5,4.5
2019-04-23,11.94,12.5,9.5
2019-04-24,16.81,22.0,10.0
2019-04-25,19.25,26.0,10.5
2019-04-26,16.44,22.0,10.0
2019-04-27,11.12,15.0,6.5
2019-04-28,8.81,12.0,4.5
2019-04-29,8.38,10.0,4.5
2019-04-30,8.06,11.0,6.0
2019-05-01,12.56,17.5,5.5
2019-05-02,15.69,21.5,5.0
2019-05-03,11.31,14.5,9.0
2019-05-04,9.62,13.0,6.5
2019-05-05,3.81,6.5,2.5
2019-05-06,6.81,10.0,2.0
2019-05-07,9.19,14.0,2.0
2019-05-08,13.19,17.5,2.5
2019-05-09,10.88,15.0,7.5
2019-05-10,13.06,17.5,7.5
2019-05-11,12.56,20.0,7.5
2019-05-12,8.5,9.5,7.5
2019-05-13,8.31,11.0,7.0
2019-05-14,7.56,11.0,5.0
2019-05-15,6.56,8.0,4.5
2019-05-16,10.19,13.0,5.5
2019-05-17,13.06,18.0,7.0
2019-05-18,15.06,19.5,6.5
2019-05-19,15.06,20.5,9.5
2019-05-20,13.31,17.5,11.0
2019-05-21,13.62,16.5,10.0
2019-05-22,14.06,17.0,10.5
2019-05-23,14.44,18.5,10.0
2019-05-24,17.38,22.0,7.5
2019-05-25,16.56,23.5,9.5
2019-05-26,17.94,23.0,11.5
2019-05-27,15.0,18.0,12.5
2019-05-28,13.88,16.5,11.5
2019-05-29,11.12,13.0,9.5
2019-05-30,11.31,15.0,9.0
2019-05-31,15.25,20.0,9.0
2019-06-01,19.0,24.5,10.5
2019-06-02,20.75,26.5,13.0
2019-06-03,21.94,28.0,13.0
2019-06-04,22.19,28.5,13.0
2019-06-05,22.19,28.0,14.5
2019-06-06,20.5,25.0,15.0
2019-06-07,21.5,27.0,13.0
2019-06-08,20.25,23.5,15.0
2019-06-09,21.81,27.0,14.0
2019-06-10,23.69,29.5,16.0
2019-06-11,23.62,30.0,16.5
2019-06-12,23.44,30.5,15.0
2019-06-13,24.0,30.0,16.0
2019-06-14,25.94,31.5,15.0
2019-06-15,25.5,30.0,18.5
2019-06-16,19.5,25.0,16.5
2019-06-17,20.75,25.0,14.5
2019-06-18,22.75,28.0,16.5
2019-06-19,21.19,29.0,15.5
2019-06-20,20.94,28.5,14.5
2019-06-21,20.5,27.5,15.0
2019-06-22,18.44,22.5,16.0
2019-06-23,19.0,23.0,17.0
2019-06-24,23.44,28.0,17.0
2019-06-25,25.94,31.5,16.5
2019-06-26,27.62,34.0,18.5
2019-06-27,27.31,34.0,20.5
2019-06-28,24.12,28.0,17.0
2019-06-29,23.12,29.0,14.0
2019-06-30,26.88,34.5,15.0
2019-07-01,24.31,34.5,18.0
2019-07-02,22.12,27.5,18.0
2019-07-03,20.38,26.0,17.0
2019-07-04,21.88,27.0,15.0
2019-07-05,23.25,29.0,13.5
2019-07-06,25.56,32.0,15.5
2019-07-07,19.94,25.0,16.0
2019-07-08,17.38,21.0,14.0
2019-07-09,17.62,21.5,13.5
2019-07-10,17.69,22.0,12.0
2019-07-11,18.31,23.0,10.0
2019-07-12,17.31,23.5,14.0
2019-07-13,16.56,19.5,14.0
2019-07-14,17.25,22.0,13.0
2019-07-15,18.75,23.0,12.0
2019-07-16,20.38,26.0,11.5
2019-07-17,21.12,27.0,12.0
2019-07-18,20.44,26.0,14.5
2019-07-19,21.69,27.5,14.0
2019-07-20,23.69,31.0,15.5
2019-07-21,21.75,26.5,17.5
2019-07-22,23.81,29.0,16.0
2019-07-23,25.69,32.0,16.0
2019-07-24,26.5,33.5,17.0
2019-07-25,26.25,34.0,18.0
2019-07-26,25.69,33.5,19.0
2019-07-27,20.88,29.0,18.0
2019-07-28,19.56,21.5,17.0
2019-07-29,19.81,23.5,17.0
2019-07-30,22.5,27.5,17.0
2019-07-31,20.67,28.0,17.0
2019-08-01,21.61,27.0,15.0
2019-08-02,19.06,23.0,16.0
2019-08-03,17.33,23.0,15.0
2019-08-04,18.61,25.0,13.0
2019-08-05,21.39,27.0,13.0
2019-08-06,20.89,29.0,16.0
2019-08-07,21.78,28.0,17.0
2019-08-08,20.39,26.0,17.0
2019-08-09,23.22,31.0,14.0
2019-08-10,24.0,30.0,18.0
2019-08-11,23.11,29.0,19.0
2019-08-12,22.72,29.0,16.0
2019-08-13,18.0,20.0,15.0
2019-08-14,16.5,21.0,12.0
2019-08-15,18.0,24.0,9.0
2019-08-16,17.44,23.0,13.0
2019-08-17,20.0,27.0,11.0
2019-08-18,23.94,31.0,16.0
2019-08-19,22.06,28.0,16.0
2019-08-20,21.61,27.0,16.0
2019-08-21,17.06,20.0,14.0
2019-08-22,18.5,23.0,13.0
2019-08-23,20.0,24.0,17.0
2019-08-24,19.89,28.0,16.0
2019-08-25,20.17,26.0,16.0
2019-08-26,20.0,27.0,16.0
2019-08-27,21.56,29.0,16.0
2019-08-28,22.56,28.0,16.0
2019-08-29,21.89,28.0,17.0
2019-08-30,20.78,27.0,18.0
2019-08-31,21.89,30.0,16.0
2019-09-01,19.89,28.0,15.0
2019-09-02,17.17,19.0,14.0
2019-09-03,15.67,21.0,12.0
2019-09-04,16.44,24.0,9.0
2019-09-05,17.56,25.0,10.0
2019-09-06,14.44,18.0,12.0
2019-09-07,13.67,15.0,12.0
2019-09-08,12.61,15.0,10.0
2019-09-09,11.94,17.0,9.0
2019-09-10,13.83,21.0,5.0
2019-09-11,15.39,22.0,8.0
2019-09-12,16.28,22.0,10.0
2019-09-13,17.5,25.0,11.0
2019-09-14,17.17,23.0,12.0
2019-09-15,17.89,25.0,12.0
2019-09-16,19.78,27.0,12.0
2019-09-17,18.28,23.0,15.0
2019-09-18,14.22,17.0,11.0
2019-09-19,11.56,17.0,6.0
2019-09-20,10.0,17.0,3.0
2019-09-21,12.78,20.0,4.0
2019-09-22,13.61,19.0,6.0
2019-09-23,14.0,17.0,9.0
2019-09-24,15.0,19.0,12.0
2019-09-25,13.61,17.0,11.0
2019-09-26,14.61,19.0,11.0
2019-09-27,16.33,22.0,11.0
2019-09-28,14.89,18.0,13.0
2019-09-29,15.72,23.0,10.0
2019-09-30,16.94,23.0,11.0
2019-10-01,15.5,24.0,9.0
2019-10-02,13.28,16.0,9.0
2019-10-03,9.17,12.0,5.0
2019-10-04,9.39,14.0,2.0
2019-10-05,10.39,14.0,7.0
2019-10-06,9.44,12.0,5.0
2019-10-07,7.83,11.0,6.0
2019-10-08,10.67,16.0,5.0
2019-10-09,11.78,17.0,8.0
2019-10-10,10.61,16.0,7.0
2019-10-11,9.94,18.0,6.0
2019-10-12,10.11,20.0,4.0
2019-10-13,11.06,20.0,5.0
2019-10-14,11.72,20.0,7.0
2019-10-15,14.56,21.0,8.0
2019-10-16,12.5,17.0,8.0
2019-10-17,10.94,19.0,5.0
2019-10-18,10.56,18.0,6.0
2019-10-19,11.56,17.0,6.0
2019-10-20,14.56,20.0,9.0
2019-10-21,14.78,22.0,9.0
2019-10-22,12.67,20.0,8.0
2019-10-23,12.11,20.0,8.0
2019-10-24,13.0,23.0,7.0
2019-10-25,11.83,19.0,7.0
2019-10-26,10.0,19.0,4.0
2019-10-27,11.11,20.0,4.0
2019-10-28,9.61,13.0,7.0
2019-10-29,7.89,9.0,6.0
2019-10-30,5.56,7.0,5.0
2019-10-31,4.67,6.0,3.0
2019-11-01,6.22,9.0,4.0
2019-11-02,7.0,11.0,4.0
2019-11-03,11.44,16.0,3.0
2019-11-04,9.89,14.0,6.0
2019-11-05,7.11,9.0,4.0
2019-11-06,7.28,9.0,4.0
2019-11-07,6.56,12.0,3.0
2019-11-08,6.67,9.0,3.0
2019-11-09,5.33,7.0,3.0
2019-11-10,3.33,7.0,0.0
2019-11-11,4.06,7.0,-1.0
2019-11-12,4.17,6.0,3.0
2019-11-13,2.33,3.0,0.0
2019-11-14,3.17,7.0,-1.0
2019-11-15,6.83,10.0,3.0
2019-11-16,6.89,11.0,4.0
2019-11-17,8.28,12.0,6.0
2019-11-18,6.78,12.0,0.0
2019-11-19,5.33,7.0,2.0
2019-11-20,5.17,7.0,2.0
2019-11-21,6.17,10.0,4.0
2019-11-22,5.28,8.0,2.0
2019-11-23,8.94,11.0,3.0
2019-11-24,7.22,10.0,4.0
2019-11-25,4.56,6.0,2.0
2019-11-26,4.39,8.0,4.0
2019-11-27,5.11,7.0,3.0
2019-11-28,6.22,9.0,3.0
2019-11-29,6.83,10.0,3.0
2019-11-30,3.28,6.0,-2.0
2019-12-01,1.83,4.0,-2.0
2019-12-02,1.78,4.0,0.0
2019-12-03,0.11,3.0,-3.0
2019-12-04,-1.83,3.0,-5.0
2019-12-05,-1.72,1.0,-3.0
2019-12-06,-2.0,2.0,-3.0
2019-12-07,0.39,8.0,-3.0
2019-12-08,1.5,8.0,-3.0
2019-12-09,1.78,6.0,0.0
2019-12-10,2.33,5.0,-4.0
2019-12-11,-3.28,3.0,-6.0
2019-12-12,-2.44,0.0,-5.0
2019-12-13,-0.5,2.0,-3.0
2019-12-14,1.67,6.0,-2.0
2019-12-15,0.22,5.0,-4.0
2019-12-16,1.06,5.0,-1.0
2019-12-17,7.0,9.5,3.0
2019-12-18,6.88,10.5,1.5
2019-12-19,6.19,12.0,1.5
2019-12-20,11.06,14.0,6.0
2019-12-21,6.81,10.0,2.0
2019-12-22,3.56,5.5,1.0
2019-12-23,5.38,7.5,4.0
2019-12-24,5.12,9.0,2.5
2019-12-25,4.69,9.0,2.0
2019-12-26,2.69,7.0,0.0
2019-12-27,1.5,3.0,0.5
2019-12-28,0.81,3.0,-3.0
2019-12-29,-1.75,1.0,-5.0
2019-12-30,-1.56,2.0,-6.5
2019-12-31,1.44,7.5,-3.0
2020-01-01,-0.44,5.5,-4.5
2020-01-02,-1.94,4.0,-6.0
2020-01-03,-2.0,1.5,-6.0
2020-01-04,2.31,5.5,-2.5
2020-01-05,2.0,4.0,-2.5
2020-01-06,-2.0,4.0,-5.0
2020-01-07,-1.75,3.5,-6.0
2020-01-08,1.5,5.5,-3.5
2020-01-09,1.5,8.0,-1.5
2020-01-10,0.06,6.5,-3.5
2020-01-11,2.25,7.0,-3.0
2020-01-12,-1.75,5.5,-5.0
2020-01-13,-1.44,4.0,-6.0
2020-01-14,-1.38,2.0,-3.0
2020-01-15,-1.69,2.0,-4.0
2020-01-16,0.5,5.5,-3.0
2020-01-17,0.44,4.5,-3.0
2020-01-18,0.5,0.5,-1.0
2020-01-19,0.88,3.5,-2.0
2020-01-20,-0.25,3.5,-5.0
2020-01-21,-2.81,2.0,-6.0
2020-01-22,-1.69,4.5,-5.5
2020-01-23,-1.56,4.5,-6.0
2020-01-24,-2.19,3.0,-5.5
2020-01-25,-1.5,1.5,-4.0
2020-01-26,0.19,4.5,-3.5
2020-01-27,0.38,6.0,-2.0
2020-01-28,1.81,6.5,-0.5
2020-01-29,2.12,6.0,0.0
2020-01-30,2.44,8.5,0.0
2020-01-31,7.5,13.5,1.0
2020-02-01,7.07,14.0,-1.0
2020-02-02,8.12,13.0,2.5
2020-02-03,6.38,11.0,3.0
2020-02-04,4.12,8.5,0.5
2020-02-05,2.12,4.5,-1.5
2020-02-06,-0.31,5.5,-4.0
2020-02-07,-0.25,6.0,-5.0
2020-02-08,0.06,7.0,-6.0
2020-02-09,2.31,7.5,-5.0
2020-02-10,7.88,12.5,3.0
2020-02-11,5.38,8.5,1.5
2020-02-12,3.38,7.5,0.0
2020-02-13,4.25,8.0,-1.0
2020-02-14,5.69,9.5,2.0
2020-02-15,4.62,11.0,-1.0
2020-02-16,6.12,11.5,-1.5
2020-02-17,7.69,14.0,1.0
2020-02-18,7.31,12.0,3.5
2020-02-19,3.75,8.0,-0.5
2020-02-20,3.25,9.0,-1.5
2020-02-21,4.62,8.5,-1.0
2020-02-22,6.0,13.5,-1.5
2020-02-23,8.25,17.0,4.0
2020-02-24,6.69,13.5,2.0
2020-02-25,7.56,12.0,0.0
2020-02-26,4.06,7.5,0.5
2020-02-27,3.88,6.5,0.5
2020-02-28,2.94,6.5,-1.0
2020-02-29,6.12,10.5,-1.5
2020-03-01,6.69,10.5,2.0
2020-03-02,8.38,13.0,3.0
2020-03-03,5.81,8.5,3.0
2020-03-04,4.12,8.0,-0.5
2020-03-05,6.44,11.0,-2.5
2020-03-06,5.5,9.5,3.5
2020-03-07,4.88,8.5,1.5
2020-03-08,4.5,10.0,-1.0
2020-03-09,5.5,10.0,-0.5
2020-03-10,6.38,10.0,1.0
2020-03-11,11.38,18.0,4.5
2020-03-12,12.88,19.5,3.5
2020-03-13,7.75,11.0,3.5
2020-03-14,5.88,10.0,0.0
2020-03-15,5.69,10.0,-1.5
2020-03-16,6.69,14.0,-1.0
2020-03-17,9.81,16.0,-0.5
2020-03-18,10.25,18.0,4.5
2020-03-19,11.19,19.0,2.0
2020-03-20,12.06,20.0,2.5
2020-03-21,5.75,10.5,2.5
2020-03-22,2.06,5.5,-2.0
2020-03-23,0.31,4.0,-3.5
2020-03-24,1.56,5.5,-3.5
2020-03-25,0.56,3.0,-2.5
2020-03-26,3.06,7.5,-1.0
2020-03-27,8.31,16.0,-0.5
2020-03-28,10.31,17.0,0.0
2020-03-29,8.75,13.5,2.5
2020-03-30,2.62,6.0,-1.0
2020-03-31,1.31,6.0,-4.5
2020-04-01,2.06,8.0,-4.0
2020-04-02,5.81,13.0,-4.0
2020-04-03,10.12,15.0,-1.5
2020-04-04,8.5,14.0,2.5
2020-04-05,9.81,17.0,-0.5
2020-04-06,12.12,19.0,2.5
2020-04-07,12.06,19.5,2.0
2020-04-08,12.5,21.0,3.5
2020-04-09,14.06,22.5,1.5
2020-04-10,14.5,21.0,5.5
2020-04-11,14.0,20.5,6.0
2020-04-12,15.38,23.0,6.0
2020-04-13,14.31,22.0,6.5
2020-04-14,6.06,9.0,1.0
2020-04-15,8.75,16.0,-2.0
2020-04-16,14.81,23.0,1.0
2020-04-17,16.81,25.0,5.0
2020-04-18,16.31,23.0,8.0
2020-04-19,13.38,19.0,9.5
2020-04-20,10.5,16.0,7.0
2020-04-21,11.19,16.5,5.0
2020-04-22,12.5,18.5,2.5
2020-04-23,12.94,19.0,2.5
2020-04-24,15.56,22.5,3.5
2020-04-25,15.38,20.0,8.0
2020-04-26,13.31,18.5,6.5
2020-04-27,13.19,20.0,7.0
2020-04-28,15.38,22.0,7.5
2020-04-29,12.0,13.5,8.5
2020-04-30,14.56,19.0,7.5
2020-05-01,12.75,18.0,9.0
2020-05-02,12.31,17.5,7.5
2020-05-03,10.25,15.5,5.5
2020-05-04,13.38,19.0,4.0
2020-05-05,11.25,14.5,7.0
2020-05-06,10.69,15.5,5.5
2020-05-07,14.19,21.5,3.0
2020-05-08,17.25,24.0,6.0
2020-05-09,18.56,26.0,10.5
2020-05-10,17.88,23.5,11.5
2020-05-11,16.69,21.5,9.0
2020-05-12,8.31,12.5,4.5
2020-05-13,12.81,18.0,6.0
2020-05-14,13.0,17.0,9.0
2020-05-15,9.44,11.0,8.0
2020-05-16,12.44,16.5,7.0
2020-05-17,15.12,20.5,10.0
2020-05-18,18.12,23.5,8.5
2020-05-19,17.56,22.5,10.0
2020-05-20,16.44,19.0,12.0
2020-05-21,16.94,21.5,10.0
2020-05-22,18.19,23.0,9.5
2020-05-23,17.38,25.0,12.5
2020-05-24,13.69,18.5,9.5
2020-05-25,12.94,16.5,10.5
2020-05-26,12.5,16.0,8.5
2020-05-27,15.44,20.5,5.5
2020-05-28,12.25,16.0,7.5
2020-05-29,12.81,18.0,7.0
2020-05-30,12.38,16.0,7.5
2020-05-31,11.56,15.5,4.5
2020-06-01,10.43,10.0,10.0
