,temp,max_temp,min_temp
2015-01-01,3.22,11.7,-1.1
2015-01-02,4.02,12.0,-1.4
2015-01-03,4.91,13.3,0.0
2015-01-04,6.55,14.0,1.0
2015-01-05,10.09,17.0,3.0
2015-01-06,10.88,20.0,4.4
2015-01-07,10.73,21.7,4.7
2015-01-08,11.04,19.4,6.7
2015-01-09,11.23,18.0,8.0
2015-01-10,11.02,16.7,7.8
2015-01-11,10.52,15.6,8.0
2015-01-12,10.0,17.0,7.0
2015-01-13,9.86,17.8,6.4
2015-01-14,8.92,16.1,4.0
2015-01-15,9.7,15.8,4.4
2015-01-16,10.38,16.7,6.1
2015-01-17,11.18,17.0,7.8
2015-01-18,11.2,18.3,8.0
2015-01-19,10.55,17.8,7.2
2015-01-20,9.71,15.6,6.7
2015-01-21,9.74,17.0,5.6
2015-01-22,9.88,15.65,4.4
2015-01-23,10.0,19.4,3.9
2015-01-24,12.12,21.0,6.1
2015-01-25,12.24,21.7,6.0
2015-01-26,11.82,19.0,7.2
2015-01-27,12.14,18.9,9.0
2015-01-28,12.0,19.4,7.0
2015-01-29,12.26,19.1,8.0
2015-01-30,11.63,18.0,8.3
2015-01-31,11.22,20.0,7.2
2015-02-01,11.02,20.0,5.5
2015-02-02,11.76,20.0,6.7
2015-02-03,11.64,20.0,7.2
2015-02-04,11.87,20.0,7.0
2015-02-05,13.13,20.0,8.9
2015-02-06,14.28,20.0,10.0
2015-02-07,14.75,19.0,11.7
2015-02-08,15.15,21.1,12.0
2015-02-09,13.96,20.0,10.0
2015-02-10,11.83,19.4,7.0
2015-02-11,13.96,21.1,6.1
2015-02-12,14.39,23.0,7.8
2015-02-13,14.51,24.7,7.8
2015-02-14,14.16,24.3,8.0
2015-02-15,13.29,23.3,7.2
2015-02-16,12.67,22.0,8.0
2015-02-17,12.5,19.4,10.0
2015-02-18,12.32,19.4,8.9
2015-02-19,12.36,19.0,8.9
2015-02-20,12.38,19.4,10.0
2015-02-21,12.12,18.9,7.8
2015-02-22,11.32,17.0,7.9
2015-02-23,9.72,16.7,6.1
2015-02-24,10.07,18.9,3.3
2015-02-25,11.09,19.4,4.0
2015-02-26,12.13,20.0,6.0
2015-02-27,11.91,17.8,8.0
2015-02-28,10.11,15.6,7.0
2015-03-01,9.21,15.8,5.0
2015-03-02,9.05,15.0,6.15
2015-03-03,9.47,17.8,3.95
2015-03-04,10.18,19.4,3.9
2015-03-05,11.78,21.7,4.2
2015-03-06,13.59,23.15,5.0
2015-03-07,14.05,24.4,6.1
2015-03-08,13.53,23.3,7.0
2015-03-09,13.21,23.0,8.0
2015-03-10,15.06,23.0,8.0
2015-03-11,15.4,20.0,12.0
2015-03-12,16.17,24.0,9.4
2015-03-13,18.72,26.7,10.6
2015-03-14,19.6,29.2,12.2
2015-03-15,18.92,28.1,13.0
2015-03-16,17.54,25.6,12.0
2015-03-17,16.1,23.0,11.7
2015-03-18,14.95,22.2,10.6
2015-03-19,14.88,24.0,9.4
2015-03-20,15.34,23.0,9.4
2015-03-21,15.41,23.0,10.6
2015-03-22,14.94,20.6,12.0
2015-03-23,13.88,20.0,10.6
2015-03-24,14.97,21.1,10.0
2015-03-25,16.37,25.0,10.0
2015-03-26,18.48,28.3,10.0
2015-03-27,18.16,28.3,11.0
2015-03-28,16.85,27.2,10.6
2015-03-29,16.94,27.8,9.7
2015-03-30,16.81,26.4,10.0
2015-03-31,15.49,22.0,11.0
2015-04-01,13.88,21.1,8.9
2015-04-02,13.9,22.0,8.6
2015-04-03,15.28,24.4,6.1
2015-04-04,14.79,23.9,7.2
2015-04-05,12.38,19.2,7.2
2015-04-06,11.77,17.8,6.1
2015-04-07,10.74,16.1,7.2
2015-04-08,11.1,17.8,6.7
2015-04-09,12.89,20.6,6.0
2015-04-10,13.86,21.7,7.0
2015-04-11,14.87,22.2,8.3
2015-04-12,15.79,25.0,9.0
2015-04-13,15.71,22.9,10.0
2015-04-14,13.91,20.5,9.2
2015-04-15,15.21,23.0,8.3
2015-04-16,16.98,26.7,9.0
2015-04-17,17.2,27.0,8.9
2015-04-18,16.97,26.85,9.4
2015-04-19,16.79,25.6,11.0
2015-04-20,15.81,22.9,12.0
2015-04-21,14.85,19.4,12.0
2015-04-22,14.7,20.0,11.1
2015-04-23,14.62,20.0,11.1
2015-04-24,13.88,18.9,11.7
2015-04-25,13.24,18.3,11.1
2015-04-26,15.34,22.2,9.2
2015-04-27,18.79,28.3,10.95
2015-04-28,19.06,28.0,12.0
2015-04-29,19.35,28.9,12.0
2015-04-30,20.85,31.7,12.9
2015-05-01,20.19,30.6,13.9
2015-05-02,18.51,27.8,12.8
2015-05-03,16.68,23.3,12.0
2015-05-04,15.48,22.0,11.7
2015-05-05,15.15,20.2,11.1
2015-05-06,14.69,19.9,10.6
2015-05-07,13.16,18.3,10.0
2015-05-08,13.12,17.8,8.55
2015-05-09,14.85,19.4,10.6
2015-05-10,16.48,23.9,10.6
2015-05-11,16.47,23.0,11.7
2015-05-12,14.73,20.6,10.6
2015-05-13,14.38,20.0,10.6
2015-05-14,12.9,18.3,10.0
2015-05-15,12.97,18.3,10.0
2015-05-16,14.81,20.25,10.0
2015-05-17,15.05,21.1,11.7
2015-05-18,14.89,20.35,12.0
2015-05-19,15.46,21.1,11.7
2015-05-20,15.6,20.8,12.2
2015-05-21,15.11,20.0,12.1
2015-05-22,15.01,20.0,12.8
2015-05-23,15.72,21.0,12.8
2015-05-24,16.64,21.1,12.0
2015-05-25,16.85,22.2,12.6
2015-05-26,17.02,22.0,12.8
2015-05-27,17.49,23.9,12.8
2015-05-28,18.48,26.7,12.2
2015-05-29,19.28,28.15,13.3
2015-05-30,19.68,29.0,13.2
2015-05-31,18.81,25.6,13.9
2015-06-01,18.54,24.7,13.3
2015-06-02,18.55,25.0,13.35
2015-06-03,17.89,23.3,14.0
2015-06-04,17.51,22.5,13.0
2015-06-05,18.45,23.95,13.3
2015-06-06,19.38,25.55,13.9
2015-06-07,21.48,31.1,15.0
2015-06-08,24.33,36.0,16.1
2015-06-09,22.36,30.0,18.0
2015-06-10,20.47,24.4,17.2
2015-06-11,20.93,26.85,16.1
2015-06-12,22.22,29.0,16.85
2015-06-13,21.73,28.0,16.7
2015-06-14,21.12,28.6,16.0
2015-06-15,20.91,29.7,15.0
2015-06-16,21.94,30.0,14.15
2015-06-17,22.93,32.0,15.0
2015-06-18,22.26,31.5,15.0
2015-06-19,22.36,31.1,14.0
2015-06-20,22.76,32.4,15.4
2015-06-21,21.59,29.0,16.0
2015-06-22,21.51,29.4,14.0
2015-06-23,22.39,32.0,14.35
2015-06-24,23.02,32.0,15.6
2015-06-25,24.06,33.65,16.7
2015-06-26,24.04,34.0,17.8
2015-06-27,23.38,30.85,17.8
2015-06-28,23.61,32.9,19.4
2015-06-29,24.06,33.4,18.15
2015-06-30,25.85,36.4,18.9
2015-07-01,24.97,32.0,20.6
2015-07-02,24.56,32.0,19.4
2015-07-03,23.4,32.0,18.3
2015-07-04,22.97,30.0,17.8
2015-07-05,21.85,27.8,17.2
2015-07-06,21.71,28.0,17.2
2015-07-07,21.44,27.0,17.0
2015-07-08,19.82,25.0,16.7
2015-07-09,18.82,23.9,16.0
2015-07-10,19.58,24.4,16.1
2015-07-11,20.75,26.85,15.6
2015-07-12,21.62,28.0,16.7
2015-07-13,22.38,29.4,16.7
2015-07-14,21.58,28.95,16.85
2015-07-15,21.91,29.5,16.05
2015-07-16,22.57,30.0,16.85
2015-07-17,22.97,32.0,16.7
2015-07-18,21.6,28.3,17.2
2015-07-19,23.7,31.7,18.9
2015-07-20,24.3,30.0,20.6
2015-07-21,22.72,28.0,19.4
2015-07-22,21.71,28.0,18.3
2015-07-23,21.28,28.15,16.1
2015-07-24,22.18,31.0,16.05
2015-07-25,22.75,31.7,16.7
2015-07-26,22.12,29.0,16.7
2015-07-27,22.56,29.4,16.7
2015-07-28,24.29,33.9,16.7
2015-07-29,24.85,34.4,18.3
2015-07-30,24.69,33.0,20.0
2015-07-31,24.13,33.0,20.0
2015-08-01,23.67,31.0,18.9
2015-08-02,23.25,30.3,18.3
2015-08-03,22.79,30.0,17.8
2015-08-04,22.74,27.8,17.0
2015-08-05,23.43,31.0,16.1
2015-08-06,23.12,30.0,18.0
2015-08-07,21.82,28.0,17.8
2015-08-08,21.15,28.0,16.1
2015-08-09,21.8,29.0,15.6
2015-08-10,21.66,28.0,16.7
2015-08-11,21.63,28.6,16.0
2015-08-12,23.29,31.0,15.25
2015-08-13,24.53,32.2,17.2
2015-08-14,24.64,32.0,17.8
2015-08-15,26.29,36.1,17.8
2015-08-16,26.78,38.0,18.9
2015-08-17,25.02,33.9,19.0
2015-08-18,23.49,31.1,18.3
2015-08-19,22.6,30.0,17.2
2015-08-20,22.13,29.0,17.8
2015-08-21,21.69,28.9,17.0
2015-08-22,21.92,30.0,16.7
2015-08-23,21.92,31.0,16.7
2015-08-24,23.05,32.0,17.0
2015-08-25,23.83,31.0,18.3
2015-08-26,24.59,34.0,19.0
2015-08-27,26.05,36.0,19.4
2015-08-28,26.52,36.4,19.45
2015-08-29,24.67,30.6,19.4
2015-08-30,22.56,29.5,17.7
2015-08-31,22.02,30.0,16.1
2015-09-01,21.7,28.9,16.4
2015-09-02,20.99,26.7,16.7
2015-09-03,19.89,26.1,15.6
2015-09-04,18.97,25.6,13.9
2015-09-05,19.64,28.0,12.2
2015-09-06,21.89,31.7,12.8
2015-09-07,23.87,34.0,14.4
2015-09-08,25.44,36.1,17.2
2015-09-09,26.55,36.7,18.9
2015-09-10,26.32,35.65,20.0
2015-09-11,25.4,35.0,21.0
2015-09-12,24.51,32.0,20.0
2015-09-13,23.51,31.7,20.0
2015-09-14,21.11,26.1,18.0
2015-09-15,19.23,24.4,16.7
2015-09-16,18.18,23.9,13.6
2015-09-17,18.74,26.1,14.0
2015-09-18,20.43,29.4,13.0
2015-09-19,22.69,33.0,13.3
2015-09-20,24.97,36.0,16.1
2015-09-21,23.71,32.8,18.0
2015-09-22,21.52,28.9,18.0
2015-09-23,20.98,30.3,15.0
2015-09-24,22.92,33.7,16.5
2015-09-25,23.41,33.3,17.15
2015-09-26,23.28,33.0,17.0
2015-09-27,22.1,31.7,16.1
2015-09-28,20.92,30.6,16.7
2015-09-29,20.56,27.2,15.6
2015-09-30,20.39,26.7,15.0
2015-10-01,19.4,26.0,16.0
2015-10-02,19.69,27.8,14.0
2015-10-03,19.05,27.0,13.9
2015-10-04,17.7,22.8,13.0
2015-10-05,17.46,23.9,12.8
2015-10-06,18.33,25.0,13.9
2015-10-07,19.7,28.0,14.0
2015-10-08,21.64,31.1,16.0
2015-10-09,23.1,33.0,15.6
2015-10-10,22.9,32.8,15.6
2015-10-11,22.0,31.9,15.3
2015-10-12,22.98,33.3,15.0
2015-10-13,23.46,33.0,17.8
2015-10-14,22.48,30.7,18.0
2015-10-15,20.8,27.0,18.0
2015-10-16,19.86,25.0,17.2
2015-10-17,19.24,24.4,17.0
2015-10-18,17.96,23.9,15.0
2015-10-19,16.91,23.0,13.9
2015-10-20,17.72,25.6,12.8
2015-10-21,17.65,26.7,12.2
2015-10-22,17.17,26.0,12.2
2015-10-23,17.28,26.4,12.8
2015-10-24,18.15,27.3,11.7
2015-10-25,17.46,26.7,13.9
2015-10-26,16.67,27.0,10.6
2015-10-27,18.01,24.4,12.8
2015-10-28,17.77,23.9,14.8
2015-10-29,16.95,25.0,12.2
2015-10-30,17.53,27.0,10.6
2015-10-31,16.51,28.3,11.1
2015-11-01,17.34,25.8,12.7
2015-11-02,14.03,18.6,10.6
2015-11-03,11.8,18.0,8.9
2015-11-04,10.85,18.0,6.1
2015-11-05,10.48,18.9,4.6
2015-11-06,11.7,20.6,5.0
2015-11-07,11.86,20.6,5.6
2015-11-08,12.42,19.4,6.8
2015-11-09,11.29,16.1,8.0
2015-11-10,9.68,15.6,5.9
2015-11-11,8.91,16.7,3.75
2015-11-12,9.93,18.3,3.3
2015-11-13,10.84,20.0,4.4
2015-11-14,11.18,20.0,4.4
2015-11-15,11.0,16.1,7.0
2015-11-16,9.44,15.6,5.6
2015-11-17,10.22,17.8,4.4
2015-11-18,11.52,20.0,6.05
2015-11-19,12.8,21.25,6.0
2015-11-20,14.2,23.3,7.2
2015-11-21,14.04,22.0,8.15
2015-11-22,12.91,22.2,7.2
2015-11-23,12.42,21.7,6.7
2015-11-24,11.43,17.8,6.7
2015-11-25,8.04,12.45,3.9
2015-11-26,6.84,12.8,2.0
2015-11-27,6.71,13.9,2.8
2015-11-28,6.09,13.9,1.0
2015-11-29,5.57,14.4,0.0
2015-11-30,6.86,13.6,0.6
2015-12-01,8.01,15.6,1.7
2015-12-02,10.28,16.1,5.3
2015-12-03,11.1,18.3,5.0
2015-12-04,8.88,16.5,5.0
2015-12-05,9.6,15.8,3.9
2015-12-06,11.29,18.3,7.2
2015-12-07,12.22,17.8,8.0
2015-12-08,12.64,18.3,8.3
2015-12-09,12.89,20.0,10.0
2015-12-10,12.56,17.2,8.6
2015-12-11,10.03,14.0,7.0
2015-12-12,8.77,14.4,3.9
2015-12-13,9.75,14.2,3.9
2015-12-14,6.89,12.8,2.8
2015-12-15,5.28,13.0,1.05
2015-12-16,5.49,13.0,0.0
2015-12-17,7.15,13.9,2.0
2015-12-18,8.11,15.0,3.0
2015-12-19,8.79,13.9,3.3
2015-12-20,7.75,11.85,3.3
2015-12-21,10.71,14.4,6.1
2015-12-22,12.79,16.1,10.6
2015-12-23,9.89,13.9,6.1
2015-12-24,7.79,12.2,4.0
2015-12-25,5.64,11.1,1.7
2015-12-26,5.08,11.7,1.0
2015-12-27,4.62,9.0,-1.1
2015-12-28,5.28,10.0,0.8
2015-12-29,4.51,12.0,0.0
2015-12-30,5.06,12.0,0.0
2015-12-31,4.67,11.7,0.0
2016-01-01,4.7,10.6,0.0
2016-01-02,7.07,11.7,2.9
2016-01-03,8.85,14.4,4.4
2016-01-04,10.19,14.5,8.0
2016-01-05,10.1,12.8,8.3
2016-01-06,8.49,12.0,7.2
2016-01-07,7.59,12.2,5.6
2016-01-08,6.83,11.85,3.3
2016-01-09,8.9,12.8,6.1
2016-01-10,8.99,13.9,7.2
2016-01-11,8.6,15.0,6.1
2016-01-12,8.39,16.1,3.9
2016-01-13,9.88,16.1,5.0
2016-01-14,8.72,14.4,4.4
2016-01-15,9.97,15.6,7.0
2016-01-16,10.71,16.7,8.45
2016-01-17,11.18,16.1,8.9
2016-01-18,11.61,16.7,10.0
2016-01-19,11.93,16.1,10.0
2016-01-20,11.09,16.7,8.3
2016-01-21,11.51,17.5,8.0
2016-01-22,11.56,16.7,8.95
2016-01-23,10.78,15.6,8.05
2016-01-24,9.13,14.4,6.0
2016-01-25,9.94,16.05,6.1
2016-01-26,9.79,16.7,5.0
2016-01-27,9.69,18.15,6.0
2016-01-28,10.93,17.0,5.0
2016-01-29,12.75,18.3,9.4
2016-01-30,11.68,15.6,9.0
2016-01-31,9.18,13.0,7.0
2016-02-01,6.81,13.0,3.15
2016-02-02,5.99,12.2,2.1
2016-02-03,7.55,13.3,2.0
2016-02-04,8.68,15.6,4.0
2016-02-05,9.84,17.2,3.9
2016-02-06,10.83,18.5,4.4
2016-02-07,13.58,22.8,5.6
2016-02-08,15.06,24.4,9.4
2016-02-09,14.28,23.9,7.8
2016-02-10,13.68,23.0,7.1
2016-02-11,13.46,23.0,7.8
2016-02-12,12.71,22.2,7.2
2016-02-13,12.2,21.7,7.8
2016-02-14,14.98,23.0,8.15
2016-02-15,16.06,25.5,10.0
2016-02-16,15.58,25.4,8.9
2016-02-17,14.54,20.6,10.0
2016-02-18,11.59,16.7,8.9
2016-02-19,11.0,17.8,6.7
2016-02-20,10.19,17.5,6.0
2016-02-21,11.37,18.9,5.0
2016-02-22,12.6,21.1,6.0
2016-02-23,13.42,21.1,6.85
2016-02-24,13.4,22.2,6.7
2016-02-25,13.44,23.3,6.7
2016-02-26,14.42,22.0,7.9
2016-02-27,13.33,20.6,9.0
2016-02-28,13.27,20.0,8.0
2016-02-29,14.02,22.2,8.3
2016-03-01,14.64,22.2,9.0
2016-03-02,14.45,21.7,8.9
2016-03-03,14.34,19.4,11.1
2016-03-04,14.59,19.4,11.3
2016-03-05,14.73,18.3,12.8
2016-03-06,12.15,16.1,10.0
2016-03-07,9.06,13.3,7.2
2016-03-08,10.84,16.1,5.0
2016-03-09,13.48,19.4,8.3
2016-03-10,14.76,20.8,10.6
2016-03-11,11.78,16.0,9.4
2016-03-12,10.96,16.0,7.8
2016-03-13,12.63,16.1,9.7
2016-03-14,12.88,17.9,10.0
2016-03-15,12.66,19.4,6.4
2016-03-16,14.68,22.8,7.2
2016-03-17,15.17,24.0,8.9
2016-03-18,14.36,22.0,10.0
2016-03-19,14.76,21.7,11.0
2016-03-20,14.78,20.6,10.6
2016-03-21,13.21,18.9,10.0
2016-03-22,11.77,17.2,8.3
2016-03-23,13.07,20.0,6.7
2016-03-24,14.53,22.25,7.2
2016-03-25,14.36,22.8,8.3
2016-03-26,14.58,22.2,9.0
2016-03-27,14.23,20.0,10.0
2016-03-28,11.89,16.7,8.6
2016-03-29,10.66,17.2,5.3
2016-03-30,11.33,17.8,5.0
2016-03-31,12.93,21.0,7.2
2016-04-01,14.06,21.85,8.3
2016-04-02,15.21,23.9,9.4
2016-04-03,15.5,24.2,10.0
2016-04-04,15.75,24.4,10.0
2016-04-05,17.55,27.2,9.4
2016-04-06,18.84,30.0,11.1
2016-04-07,16.73,21.85,13.65
2016-04-08,15.12,18.3,13.2
2016-04-09,14.25,17.9,13.3
2016-04-10,13.95,18.9,12.0
2016-04-11,14.62,20.6,11.95
2016-04-12,14.74,20.6,11.0
2016-04-13,14.28,20.8,10.6
2016-04-14,13.57,20.0,10.0
2016-04-15,14.61,22.0,8.3
2016-04-16,17.27,26.7,8.3
2016-04-17,19.14,28.9,10.0
2016-04-18,19.61,30.0,11.1
2016-04-19,19.77,29.3,11.9
2016-04-20,18.86,27.5,10.6
2016-04-21,17.57,23.9,12.0
2016-04-22,15.17,20.0,11.1
2016-04-23,14.45,21.1,9.4
2016-04-24,14.48,21.7,10.0
2016-04-25,12.61,18.3,8.9
2016-04-26,13.94,20.0,7.2
2016-04-27,13.46,20.0,9.7
2016-04-28,13.75,20.0,10.0
2016-04-29,14.79,21.0,10.0
2016-04-30,15.44,21.0,11.0
2016-05-01,16.97,25.0,10.6
2016-05-02,17.07,25.6,11.7
2016-05-03,17.85,25.6,12.2
2016-05-04,16.63,21.7,13.3
2016-05-05,14.86,19.05,13.0
2016-05-06,13.89,18.3,12.1
2016-05-07,14.47,18.9,12.0
2016-05-08,15.26,20.6,12.0
2016-05-09,16.18,21.7,12.2
2016-05-10,17.11,23.0,12.2
2016-05-11,18.1,25.8,13.0
2016-05-12,18.86,27.2,13.0
2016-05-13,18.43,25.0,13.6
2016-05-14,17.48,22.2,12.8
2016-05-15,16.77,21.95,13.0
2016-05-16,17.87,23.0,13.0
2016-05-17,19.48,26.0,14.0
2016-05-18,20.34,27.9,14.4
2016-05-19,18.09,23.0,14.0
2016-05-20,14.32,19.0,11.7
2016-05-21,13.77,19.0,10.0
2016-05-22,14.71,21.05,9.4
2016-05-23,15.37,21.1,10.0
2016-05-24,15.22,21.0,12.7
2016-05-25,15.64,21.1,12.0
2016-05-26,16.98,23.15,12.0
2016-05-27,18.48,26.0,12.8
2016-05-28,19.13,27.2,14.0
2016-05-29,19.14,24.4,14.4
2016-05-30,20.31,27.2,14.0
2016-05-31,21.41,28.65,14.8
2016-06-01,21.43,28.45,16.0
2016-06-02,22.34,32.0,15.0
2016-06-03,23.89,36.05,15.6
2016-06-04,23.82,33.0,16.05
2016-06-05,21.72,30.6,15.0
2016-06-06,21.09,27.1,14.7
2016-06-07,20.96,28.15,15.3
2016-06-08,20.56,27.9,15.0
2016-06-09,19.7,25.0,14.7
2016-06-10,19.39,25.3,15.0
2016-06-11,19.4,26.0,14.0
2016-06-12,19.2,24.4,14.4
2016-06-13,18.78,24.0,14.4
2016-06-14,17.79,23.0,13.3
2016-06-15,16.61,21.7,12.2
2016-06-16,18.42,24.4,11.7
2016-06-17,20.22,26.0,14.0
2016-06-18,21.81,27.2,14.4
2016-06-19,25.25,32.2,14.4
2016-06-20,26.49,35.0,16.7
2016-06-21,24.64,32.8,17.8
2016-06-22,23.07,31.7,17.2
2016-06-23,22.2,29.0,15.0
2016-06-24,21.91,28.45,15.6
2016-06-25,23.17,33.0,15.6
2016-06-26,24.26,34.0,16.7
2016-06-27,25.3,35.0,18.3
2016-06-28,24.82,34.4,18.9
2016-06-29,23.8,33.0,18.3
2016-06-30,23.11,31.95,16.6
2016-07-01,22.68,30.0,17.2
2016-07-02,21.84,29.0,16.7
2016-07-03,21.8,28.3,16.15
2016-07-04,21.39,28.9,16.0
2016-07-05,20.83,28.0,16.0
2016-07-06,20.71,27.2,15.3
2016-07-07,20.75,28.0,15.6
2016-07-08,21.37,29.0,15.6
2016-07-09,21.56,28.9,16.1
2016-07-10,20.86,28.0,14.4
2016-07-11,21.18,29.0,15.0
2016-07-12,21.31,28.3,15.6
2016-07-13,23.03,32.8,15.6
2016-07-14,23.35,32.8,17.0
2016-07-15,22.7,32.0,17.0
2016-07-16,21.79,30.0,17.0
2016-07-17,21.08,28.9,16.1
2016-07-18,21.01,28.0,15.5
2016-07-19,21.97,29.2,15.3
2016-07-20,23.27,32.2,15.6
2016-07-21,23.56,32.5,16.95
2016-07-22,24.7,34.0,16.7
2016-07-23,24.83,35.6,17.2
2016-07-24,24.69,34.2,18.15
2016-07-25,24.3,34.15,18.9
2016-07-26,25.49,36.1,18.4
2016-07-27,25.85,36.0,20.0
2016-07-28,25.13,35.0,20.0
2016-07-29,25.22,35.8,20.0
2016-07-30,24.41,33.3,20.0
2016-07-31,23.11,32.0,18.9
2016-08-01,22.94,32.0,17.8
2016-08-02,22.73,32.0,17.8
2016-08-03,22.69,31.7,18.3
2016-08-04,21.58,29.4,17.2
2016-08-05,21.26,28.0,15.6
2016-08-06,21.07,29.0,15.6
2016-08-07,21.27,29.4,15.5
2016-08-08,21.64,29.0,15.6
2016-08-09,21.27,29.0,15.6
2016-08-10,20.93,30.0,15.6
2016-08-11,21.57,30.0,15.6
2016-08-12,22.64,32.0,17.2
2016-08-13,23.94,35.0,18.0
2016-08-14,24.52,35.6,18.0
2016-08-15,23.34,34.0,17.9
2016-08-16,23.01,35.0,16.7
2016-08-17,23.02,34.0,16.1
2016-08-18,22.54,33.0,16.7
2016-08-19,22.21,32.0,17.0
2016-08-20,21.98,30.6,16.9
2016-08-21,21.8,31.0,17.0
2016-08-22,21.26,30.0,17.0
2016-08-23,21.21,29.4,16.1
2016-08-24,21.25,31.0,16.0
2016-08-25,20.65,28.3,15.6
2016-08-26,19.95,27.2,15.6
2016-08-27,20.16,27.8,15.6
2016-08-28,21.1,31.0,15.0
2016-08-29,22.0,30.6,15.6
2016-08-30,23.0,31.75,16.7
2016-08-31,22.42,30.6,17.0
2016-09-01,20.96,28.0,15.6
2016-09-02,20.41,28.9,15.0
2016-09-03,19.11,25.3,15.0
2016-09-04,17.74,24.4,13.3
2016-09-05,18.31,25.6,12.2
2016-09-06,20.15,30.0,12.8
2016-09-07,21.24,31.1,15.0
2016-09-08,20.99,28.3,17.0
2016-09-09,20.79,30.6,15.6
2016-09-10,20.92,30.0,15.6
2016-09-11,20.02,27.8,16.1
2016-09-12,18.36,23.0,14.0
2016-09-13,16.67,22.8,12.2
2016-09-14,17.33,25.6,11.0
2016-09-15,18.04,27.9,12.0
2016-09-16,18.68,28.3,12.8
2016-09-17,20.14,31.7,13.0
2016-09-18,22.09,35.0,14.4
2016-09-19,23.23,35.0,16.7
2016-09-20,21.78,28.95,18.9
2016-09-21,19.94,26.7,16.1
2016-09-22,17.0,23.15,13.0
2016-09-23,17.82,25.6,10.8
2016-09-24,20.27,30.3,12.8
2016-09-25,23.21,34.4,14.4
2016-09-26,24.4,36.85,15.95
2016-09-27,23.23,33.9,16.05
2016-09-28,21.65,31.7,16.1
2016-09-29,20.56,30.0,15.25
2016-09-30,19.46,27.0,14.2
2016-10-01,17.77,25.0,12.1
2016-10-02,15.77,22.8,11.0
2016-10-03,15.09,20.6,10.0
2016-10-04,15.66,22.8,11.1
2016-10-05,15.4,23.3,10.3
2016-10-06,16.34,25.8,10.0
2016-10-07,18.55,29.0,10.1
2016-10-08,18.62,30.6,11.1
2016-10-09,19.4,31.0,11.1
2016-10-10,17.99,28.3,12.8
2016-10-11,16.55,23.0,12.8
2016-10-12,15.92,22.8,11.1
2016-10-13,17.04,23.0,12.0
2016-10-14,17.11,21.7,13.9
2016-10-15,17.21,22.8,14.0
2016-10-16,17.03,22.0,16.0
2016-10-17,15.66,21.1,13.0
2016-10-18,15.25,22.6,10.0
2016-10-19,17.12,25.0,10.0
2016-10-20,17.95,27.8,10.0
2016-10-21,18.19,28.1,11.1
2016-10-22,16.52,25.6,10.6
2016-10-23,17.3,24.0,11.0
2016-10-24,16.78,21.1,14.4
2016-10-25,15.92,22.2,13.0
2016-10-26,16.49,24.4,12.2
2016-10-27,16.99,23.3,13.9
2016-10-28,16.98,21.4,15.0
2016-10-29,17.62,23.3,13.9
2016-10-30,16.03,19.45,13.3
2016-10-31,13.78,19.4,10.6
2016-11-01,13.3,19.4,10.6
2016-11-02,13.59,22.0,8.0
2016-11-03,15.29,24.0,9.0
2016-11-04,14.63,24.2,9.7
2016-11-05,14.87,22.78,9.0
2016-11-06,14.88,21.72,11.11
2016-11-07,15.33,22.78,11.11
2016-11-08,16.65,25.0,11.11
2016-11-09,17.53,26.11,11.11
2016-11-10,16.94,27.0,11.0
2016-11-11,16.63,26.06,10.0
2016-11-12,16.19,24.39,12.0
2016-11-13,14.95,24.39,10.0
2016-11-14,14.65,24.0,9.39
2016-11-15,14.76,21.11,9.39
2016-11-16,12.31,17.22,8.28
2016-11-17,9.89,17.0,4.39
2016-11-18,11.72,20.61,4.7
2016-11-19,12.98,18.89,7.78
2016-11-20,12.59,17.22,10.0
2016-11-21,11.6,17.0,8.89
2016-11-22,10.16,16.11,5.61
2016-11-23,10.31,17.0,6.0
2016-11-24,9.5,16.22,3.39
2016-11-25,9.18,15.61,4.0
2016-11-26,9.37,14.39,5.0
2016-11-27,9.64,14.39,7.22
2016-11-28,9.62,14.39,6.72
2016-11-29,8.46,15.28,4.39
2016-11-30,8.07,15.0,3.28
2016-12-01,8.69,15.0,4.2
2016-12-02,9.29,15.61,5.61
2016-12-03,8.65,17.22,3.28
2016-12-04,9.71,17.22,3.28
2016-12-05,8.84,15.0,4.39
2016-12-06,8.31,13.89,4.39
2016-12-07,7.56,12.0,2.89
2016-12-08,10.52,16.0,7.22
2016-12-09,11.95,17.42,9.39
2016-12-10,13.51,17.22,10.0
2016-12-11,11.57,16.86,9.14
2016-12-12,10.7,15.61,8.28
2016-12-13,11.23,17.0,8.28
2016-12-14,12.09,18.28,8.89
2016-12-15,13.26,16.72,10.61
2016-12-16,10.24,13.89,5.61
2016-12-17,4.95,10.61,0.0
2016-12-18,4.65,11.72,-1.06
2016-12-19,6.38,13.0,0.0
2016-12-20,9.39,15.0,1.72
2016-12-21,9.71,17.11,5.61
2016-12-22,8.43,15.0,5.0
2016-12-23,9.46,13.0,5.61
2016-12-24,6.19,11.0,2.78
2016-12-25,4.05,10.61,0.36
2016-12-26,5.05,12.0,1.11
2016-12-27,6.61,13.28,2.0
2016-12-28,7.86,15.61,2.22
2016-12-29,9.44,17.5,3.28
2016-12-30,9.15,15.0,5.3
2016-12-31,8.34,12.28,4.39
2017-01-01,7.07,12.16,4.0
2017-01-02,7.35,11.0,5.61
2017-01-03,8.88,13.28,6.72
2017-01-04,10.24,14.0,7.78
2017-01-05,9.11,13.28,5.0
2017-01-06,7.08,11.11,0.78
2017-01-07,10.7,15.61,6.94
2017-01-08,13.2,17.78,11.11
2017-01-09,11.48,15.3,10.61
2017-01-10,11.34,14.39,10.0
2017-01-11,10.98,14.39,9.0
2017-01-12,8.75,11.5,6.0
2017-01-13,7.48,13.28,4.0
2017-01-14,7.86,14.39,3.89
2017-01-15,7.08,12.78,3.0
2017-01-16,6.67,13.28,2.78
2017-01-17,6.99,13.89,2.22
2017-01-18,9.17,13.0,5.61
2017-01-19,9.66,14.0,8.0
2017-01-20,8.63,12.22,7.78
2017-01-21,8.93,13.0,6.72
2017-01-22,9.13,13.0,7.78
2017-01-23,7.34,11.06,5.0
2017-01-24,5.47,12.0,2.78
2017-01-25,5.34,12.78,1.11
2017-01-26,6.28,13.28,2.78
2017-01-27,6.88,14.56,2.22
2017-01-28,7.5,16.11,1.72
2017-01-29,9.02,17.22,2.22
2017-01-30,9.27,18.0,3.28
2017-01-31,8.82,18.58,3.89
2017-02-01,9.68,17.78,5.0
2017-02-02,11.8,17.22,8.28
2017-02-03,12.47,16.11,11.0
2017-02-04,11.41,16.72,10.0
2017-02-05,11.14,15.0,8.28
2017-02-06,12.03,15.0,11.72
2017-02-07,14.01,17.22,12.75
2017-02-08,14.82,19.0,13.28
2017-02-09,14.58,18.28,13.0
2017-02-10,13.12,16.72,11.0
2017-02-11,11.05,16.11,8.11
2017-02-12,10.85,18.0,6.06
2017-02-13,11.08,17.78,5.61
2017-02-14,11.36,19.0,7.11
2017-02-15,12.7,20.0,8.28
2017-02-16,12.84,17.78,9.39
2017-02-17,11.54,14.0,10.72
2017-02-18,10.55,14.39,9.0
2017-02-19,10.44,13.84,8.28
2017-02-20,12.15,16.0,11.0
2017-02-21,12.44,16.72,9.39
2017-02-22,8.98,13.89,5.61
2017-02-23,6.52,12.22,2.78
2017-02-24,6.52,12.78,1.0
2017-02-25,7.71,13.58,2.7
2017-02-26,8.0,13.28,3.28
2017-02-27,8.06,13.0,5.56
2017-02-28,7.91,14.61,3.0
2017-03-01,9.35,17.78,2.22
2017-03-02,11.16,20.0,4.0
2017-03-03,11.57,20.0,4.39
2017-03-04,11.3,17.22,7.22
2017-03-05,8.51,12.22,4.5
2017-03-06,7.86,13.89,3.89
2017-03-07,10.33,16.72,3.89
2017-03-08,12.91,21.0,6.11
2017-03-09,14.59,22.89,8.89
2017-03-10,14.7,22.78,10.0
2017-03-11,14.1,23.28,8.89
2017-03-12,14.49,24.39,9.39
2017-03-13,15.03,25.61,8.89
2017-03-14,15.82,26.11,10.0
2017-03-15,15.92,23.0,11.11
2017-03-16,15.0,22.0,10.61
2017-03-17,15.15,24.0,8.94
2017-03-18,15.08,21.0,11.11
2017-03-19,14.97,21.0,11.11
2017-03-20,14.55,18.89,12.0
2017-03-21,14.37,18.89,12.0
2017-03-22,12.14,16.72,9.39
2017-03-23,11.29,17.0,6.22
2017-03-24,12.19,17.22,8.89
2017-03-25,12.38,18.0,10.0
2017-03-26,12.29,18.28,8.89
2017-03-27,12.56,18.28,9.39
2017-03-28,14.15,21.94,8.28
2017-03-29,15.88,24.39,8.89
2017-03-30,13.98,19.39,10.61
2017-03-31,13.16,20.94,9.0
2017-04-01,15.08,23.94,7.78
2017-04-02,15.26,25.0,10.0
2017-04-03,13.66,21.0,10.0
2017-04-04,14.81,22.22,9.94
2017-04-05,16.23,23.89,10.0
2017-04-06,14.7,20.0,11.0
2017-04-07,13.56,18.0,10.61
2017-04-08,11.18,15.61,7.75
2017-04-09,10.98,18.28,4.2
2017-04-10,13.34,21.0,6.11
2017-04-11,14.29,20.61,10.0
2017-04-12,14.9,20.61,10.61
2017-04-13,12.77,18.28,10.0
2017-04-14,11.73,18.89,6.11
2017-04-15,14.15,21.72,5.61
2017-04-16,14.2,20.61,9.0
2017-04-17,15.19,19.39,12.0
2017-04-18,14.9,20.61,12.47
2017-04-19,14.76,21.11,10.0
2017-04-20,14.98,21.72,10.61
2017-04-21,17.45,26.0,9.39
2017-04-22,17.87,25.0,10.0
2017-04-23,15.77,22.0,11.25
2017-04-24,14.54,19.39,11.72
2017-04-25,15.15,20.61,11.0
2017-04-26,16.31,21.11,12.0
2017-04-27,15.87,22.78,11.72
2017-04-28,16.27,23.28,10.0
2017-04-29,17.46,26.72,10.0
2017-04-30,18.22,28.06,9.06
2017-05-01,19.81,30.0,12.0
2017-05-02,20.65,31.11,14.2
2017-05-03,21.16,31.42,15.0
2017-05-04,20.23,29.0,15.0
2017-05-05,17.3,22.0,13.0
2017-05-06,14.06,18.0,10.0
2017-05-07,12.73,18.0,9.39
2017-05-08,15.61,23.11,9.0
2017-05-09,16.59,23.14,11.72
2017-05-10,16.08,20.0,12.78
2017-05-11,16.33,22.0,12.0
2017-05-12,14.75,20.36,10.94
2017-05-13,14.03,21.11,9.39
2017-05-14,14.04,20.61,8.89
2017-05-15,13.62,18.28,9.2
2017-05-16,14.03,18.28,10.61
2017-05-17,14.48,20.0,11.0
2017-05-18,16.99,25.61,9.0
2017-05-19,20.0,29.39,11.42
2017-05-20,21.66,31.94,12.84
2017-05-21,21.56,32.0,14.39
2017-05-22,21.1,31.06,14.39
2017-05-23,21.25,32.11,15.0
2017-05-24,18.78,26.42,14.0
2017-05-25,16.57,20.61,12.89
2017-05-26,16.18,21.11,12.78
2017-05-27,17.31,23.28,11.72
2017-05-28,18.74,27.0,12.22
2017-05-29,18.66,25.0,13.28
2017-05-30,18.12,23.89,13.58
2017-05-31,17.48,22.78,14.0
2017-06-01,18.39,24.7,14.11
2017-06-02,20.14,30.0,14.0
2017-06-03,20.4,28.89,15.0
2017-06-04,19.86,27.11,15.0
2017-06-05,19.84,28.0,13.28
2017-06-06,19.74,26.0,14.39
2017-06-07,19.16,24.64,14.39
2017-06-08,18.08,21.72,14.39
2017-06-09,18.33,23.89,13.89
2017-06-10,16.7,22.22,12.78
2017-06-11,14.89,20.0,11.72
2017-06-12,15.71,22.75,10.61
2017-06-13,18.33,26.72,11.06
2017-06-14,20.79,30.0,12.78
2017-06-15,22.31,31.0,14.39
2017-06-16,23.99,34.0,16.11
2017-06-17,24.65,33.89,17.22
2017-06-18,25.92,36.0,18.0
2017-06-19,25.52,35.61,18.14
2017-06-20,25.04,35.0,18.14
2017-06-21,24.89,34.5,17.22
2017-06-22,24.44,32.89,17.78
2017-06-23,23.64,31.0,17.22
2017-06-24,23.52,31.0,17.0
2017-06-25,23.81,33.0,17.0
2017-06-26,23.44,30.61,16.5
2017-06-27,21.89,30.0,15.0
2017-06-28,20.63,28.89,14.39
2017-06-29,20.71,28.28,15.0
2017-06-30,21.05,28.89,15.0
2017-07-01,20.89,28.61,15.0
2017-07-02,21.47,30.0,15.0
2017-07-03,22.07,32.0,15.25
2017-07-04,23.09,33.0,16.28
2017-07-05,23.3,32.11,16.72
2017-07-06,24.79,35.0,17.22
2017-07-07,26.99,37.78,18.89
2017-07-08,26.78,38.0,20.0
2017-07-09,25.06,35.61,19.39
2017-07-10,24.67,33.58,19.39
2017-07-11,23.67,32.0,18.89
2017-07-12,23.32,31.89,18.0
2017-07-13,23.19,32.0,18.0
2017-07-14,23.31,32.78,17.78
2017-07-15,24.78,34.0,17.84
2017-07-16,25.73,35.0,19.39
2017-07-17,24.76,32.78,19.0
2017-07-18,23.08,30.3,17.89
2017-07-19,22.82,32.0,17.0
2017-07-20,22.69,31.11,16.72
2017-07-21,22.52,31.11,17.0
2017-07-22,23.84,33.28,17.0
2017-07-23,23.91,33.89,19.0
2017-07-24,22.66,29.0,19.0
2017-07-25,22.33,30.0,18.0
2017-07-26,23.08,32.0,18.0
2017-07-27,23.84,34.0,17.89
2017-07-28,23.17,32.0,17.89
2017-07-29,22.78,32.5,17.0
2017-07-30,23.2,32.11,17.22
2017-07-31,23.59,33.61,17.78
2017-08-01,25.08,37.0,19.0
2017-08-02,26.25,34.39,21.72
2017-08-03,25.64,33.0,22.0
2017-08-04,24.89,32.0,21.11
2017-08-05,23.1,30.61,19.39
2017-08-06,22.43,30.0,18.0
2017-08-07,22.49,30.0,17.22
2017-08-08,22.72,32.0,17.22
2017-08-09,22.31,30.61,16.72
2017-08-10,22.38,31.72,16.72
2017-08-11,22.79,32.72,17.22
2017-08-12,22.27,31.11,17.78
2017-08-13,21.95,30.61,16.11
2017-08-14,20.46,26.11,16.72
2017-08-15,19.56,25.0,15.61
2017-08-16,20.66,27.78,15.61
2017-08-17,21.95,30.0,16.11
2017-08-18,22.11,30.0,17.0
2017-08-19,21.8,29.0,17.22
2017-08-20,21.61,28.64,16.89
2017-08-21,21.49,28.0,17.22
2017-08-22,22.08,31.72,16.72
2017-08-23,21.58,28.89,17.22
2017-08-24,21.39,28.0,17.0
2017-08-25,22.1,30.0,16.72
2017-08-26,23.86,36.11,16.72
2017-08-27,25.05,36.72,18.58
2017-08-28,25.46,38.0,18.5
2017-08-29,25.05,37.0,19.39
2017-08-30,24.61,35.0,18.89
2017-08-31,25.3,37.22,19.0
2017-09-01,28.04,40.0,20.0
2017-09-02,29.03,40.0,22.0
2017-09-03,27.56,36.86,22.78
2017-09-04,24.92,30.61,21.72
2017-09-05,24.39,32.0,20.0
2017-09-06,23.47,31.0,19.39
2017-09-07,22.1,27.0,17.78
2017-09-08,21.17,29.0,16.72
2017-09-09,21.31,30.0,17.0
2017-09-10,24.09,34.0,17.78
2017-09-11,24.6,34.7,20.0
2017-09-12,23.15,31.06,19.0
2017-09-13,20.72,26.06,17.78
2017-09-14,19.03,24.39,16.11
2017-09-15,18.82,25.0,15.0
2017-09-16,18.89,26.72,14.0
2017-09-17,19.18,25.3,14.39
2017-09-18,19.23,26.0,15.0
2017-09-19,18.66,25.0,15.0
2017-09-20,18.61,24.39,14.39
2017-09-21,16.55,22.0,12.72
2017-09-22,15.36,22.78,10.0
2017-09-23,15.95,24.0,10.0
2017-09-24,17.39,27.72,10.0
2017-09-25,19.05,29.0,11.0
2017-09-26,19.93,30.0,12.22
2017-09-27,19.93,30.61,13.28
2017-09-28,19.74,31.11,13.28
2017-09-29,19.51,28.28,13.89
2017-09-30,18.34,27.22,13.89
2017-10-01,17.85,26.0,13.28
2017-10-02,16.73,24.39,12.0
2017-10-03,15.74,23.0,10.0
2017-10-04,15.68,25.61,8.89
2017-10-05,16.63,27.78,9.0
2017-10-06,18.5,30.0,9.39
2017-10-07,18.79,30.61,11.0
2017-10-08,18.07,26.72,11.72
2017-10-09,17.83,27.0,12.22
2017-10-10,16.17,26.11,9.39
2017-10-11,15.62,23.89,10.61
2017-10-12,14.42,23.22,9.39
2017-10-13,14.9,24.39,8.0
2017-10-14,15.96,26.0,9.39
2017-10-15,17.71,28.89,10.0
2017-10-16,18.32,29.39,10.56
2017-10-17,18.44,28.89,11.11
2017-10-18,17.24,27.0,12.22
2017-10-19,16.91,22.78,12.0
2017-10-20,14.52,19.0,11.11
2017-10-21,14.44,22.0,8.0
2017-10-22,17.25,26.06,9.39
2017-10-23,21.04,32.42,12.22
2017-10-24,22.39,33.58,14.39
2017-10-25,20.4,32.22,13.28
2017-10-26,18.87,31.11,12.11
2017-10-27,17.41,29.84,11.25
2017-10-28,16.23,28.28,11.11
2017-10-29,15.76,23.89,11.72
2017-10-30,15.07,19.8,12.22
2017-10-31,14.06,20.0,11.06
2017-11-01,14.2,21.0,9.0
2017-11-02,14.51,18.89,10.0
2017-11-03,14.59,19.39,12.78
2017-11-04,14.08,20.0,10.61
2017-11-05,12.46,17.22,7.78
2017-11-06,12.63,18.89,7.78
2017-11-07,12.42,21.0,7.78
2017-11-08,15.09,21.39,8.89
2017-11-09,14.68,20.61,12.22
2017-11-10,13.59,20.0,10.61
2017-11-11,11.81,19.39,8.28
2017-11-12,12.35,19.39,8.89
2017-11-13,13.77,21.0,9.39
2017-11-14,13.53,21.11,9.39
2017-11-15,14.5,22.22,10.0
2017-11-16,15.66,21.11,12.22
2017-11-17,13.71,18.89,8.22
2017-11-18,10.59,18.28,5.0
2017-11-19,11.18,18.28,3.89
2017-11-20,13.55,20.61,9.39
2017-11-21,15.37,23.89,11.0
2017-11-22,16.58,26.11,11.0
2017-11-23,16.66,25.0,11.42
2017-11-24,15.79,24.0,11.66
2017-11-25,15.31,23.89,10.61
2017-11-26,15.11,20.0,11.5
2017-11-27,12.06,16.72,7.0
2017-11-28,10.65,17.11,5.0
2017-11-29,10.35,18.78,6.11
2017-11-30,10.16,18.89,5.0
2017-12-01,9.77,19.0,5.0
2017-12-02,11.06,19.3,5.0
2017-12-03,10.7,16.86,6.11
2017-12-04,9.46,17.0,5.0
2017-12-05,9.48,18.28,3.89
2017-12-06,10.18,18.28,2.89
2017-12-07,11.5,20.0,3.28
2017-12-08,9.83,20.0,3.28
2017-12-09,10.58,20.0,3.89
2017-12-10,11.03,20.0,5.0
2017-12-11,10.08,21.0,4.39
2017-12-12,9.02,19.89,3.0
2017-12-13,9.04,20.61,2.22
2017-12-14,10.27,21.0,3.0
2017-12-15,11.49,19.39,3.89
2017-12-16,10.76,17.72,6.11
2017-12-17,9.86,18.14,4.0
2017-12-18,8.06,17.78,2.22
2017-12-19,9.75,17.5,2.22
2017-12-20,9.11,13.94,3.28
2017-12-21,5.97,14.0,1.42
2017-12-22,6.72,13.14,0.3
2017-12-23,7.99,14.0,3.0
2017-12-24,8.74,15.0,4.39
2017-12-25,8.23,17.0,3.28
2017-12-26,8.24,17.78,3.89
2017-12-27,8.4,18.84,3.14
2017-12-28,8.9,19.2,3.14
2017-12-29,9.2,20.11,3.28
2017-12-30,8.65,18.89,3.0
2017-12-31,9.1,17.22,5.0
2018-01-01,9.34,18.28,4.0
2018-01-02,11.37,18.28,7.0
2018-01-03,12.6,17.78,7.78
2018-01-04,13.14,20.0,10.0
2018-01-05,13.67,19.39,10.25
2018-01-06,12.66,17.0,9.39
2018-01-07,11.35,18.0,7.0
2018-01-08,13.1,16.06,11.11
2018-01-09,11.9,15.0,10.61
2018-01-10,10.75,15.0,8.0
2018-01-11,11.01,17.22,7.78
2018-01-12,11.08,17.78,7.22
2018-01-13,12.43,19.39,7.22
2018-01-14,12.28,19.39,8.89
2018-01-15,11.35,17.5,7.22
2018-01-16,11.92,17.89,9.0
2018-01-17,12.31,18.28,8.89
2018-01-18,12.28,19.0,8.89
2018-01-19,10.35,14.39,6.72
2018-01-20,7.75,13.89,3.89
2018-01-21,7.68,13.84,2.0
2018-01-22,8.89,15.0,4.39
2018-01-23,9.45,16.72,4.89
2018-01-24,9.58,16.72,4.0
2018-01-25,8.58,14.0,4.39
2018-01-26,7.35,14.39,3.28
2018-01-27,10.31,16.72,4.0
2018-01-28,13.32,21.11,6.0
2018-01-29,13.43,21.0,7.22
2018-01-30,12.11,21.11,7.22
2018-01-31,11.23,21.89,5.0
2018-02-01,12.52,22.78,7.0
2018-02-02,12.99,23.28,7.78
2018-02-03,13.45,24.39,7.78
2018-02-04,13.38,23.89,8.28
2018-02-05,12.74,23.28,7.78
2018-02-06,12.58,22.22,8.0
2018-02-07,12.38,23.28,7.22
2018-02-08,12.75,23.89,6.86
2018-02-09,13.25,23.28,7.22
2018-02-10,12.48,18.89,8.28
2018-02-11,10.79,17.78,4.5
2018-02-12,9.58,15.56,5.0
2018-02-13,9.38,17.22,3.94
2018-02-14,10.32,18.28,5.0
2018-02-15,10.17,18.28,4.39
2018-02-16,10.27,19.39,3.28
2018-02-17,11.31,21.0,3.28
2018-02-18,10.4,17.22,5.0
2018-02-19,6.39,11.72,1.72
2018-02-20,4.89,12.22,-1.31
2018-02-21,6.14,13.28,0.0
2018-02-22,6.88,13.0,1.11
2018-02-23,5.74,12.28,1.11
2018-02-24,6.98,14.39,-1.0
2018-02-25,8.5,16.42,1.72
2018-02-26,8.26,13.94,3.28
2018-02-27,6.27,12.89,2.78
2018-02-28,8.33,14.0,1.72
2018-03-01,9.46,15.0,6.72
2018-03-02,8.96,13.89,6.72
2018-03-03,7.92,12.78,5.0
2018-03-04,6.79,13.28,2.78
2018-03-05,9.22,17.0,2.5
2018-03-06,11.21,20.61,4.2
2018-03-07,12.37,20.61,7.22
2018-03-08,13.16,21.11,8.89
2018-03-09,13.25,19.0,9.0
2018-03-10,12.18,16.0,10.3
2018-03-11,12.3,20.0,8.89
2018-03-12,14.93,21.86,10.0
2018-03-13,14.74,17.78,11.11
2018-03-14,11.26,15.0,8.59
2018-03-15,9.73,14.39,5.61
2018-03-16,9.2,13.78,6.72
2018-03-17,7.9,13.89,5.0
2018-03-18,8.71,14.39,2.78
2018-03-19,11.29,18.89,3.89
2018-03-20,12.59,17.22,9.39
2018-03-21,14.24,18.0,11.0
2018-03-22,14.09,17.22,10.0
2018-03-23,11.15,16.11,7.22
2018-03-24,10.01,15.61,7.0
2018-03-25,8.95,15.0,5.0
2018-03-26,11.01,17.78,5.0
2018-03-27,13.39,21.72,6.72
2018-03-28,14.8,24.0,7.22
2018-03-29,15.23,26.0,9.39
2018-03-30,15.87,26.11,10.0
2018-03-31,15.03,24.39,10.0
2018-04-01,14.84,22.0,10.0
2018-04-02,14.3,19.39,10.11
2018-04-03,14.51,22.0,9.0
2018-04-04,14.9,21.72,10.61
2018-04-05,14.78,18.28,11.72
2018-04-06,15.89,18.89,12.22
2018-04-07,16.38,20.61,12.78
2018-04-08,14.25,21.0,10.0
2018-04-09,18.19,26.72,8.75
2018-04-10,18.3,25.0,12.0
2018-04-11,14.43,21.72,10.0
2018-04-12,11.58,17.0,7.78
2018-04-13,14.04,21.72,6.36
2018-04-14,16.33,25.61,7.78
2018-04-15,14.73,21.86,10.0
2018-04-16,10.78,15.8,6.72
2018-04-17,10.68,17.78,4.0
2018-04-18,12.05,17.78,6.86
2018-04-19,11.73,17.78,6.72
2018-04-20,14.43,23.0,7.22
2018-04-21,17.05,27.0,9.0
2018-04-22,17.88,27.28,11.0
2018-04-23,17.6,27.11,12.0
2018-04-24,16.72,25.0,11.72
2018-04-25,16.44,24.7,11.25
2018-04-26,15.88,23.0,11.11
2018-04-27,14.79,20.0,10.61
2018-04-28,14.0,19.39,10.0
2018-04-29,13.65,19.39,10.0
2018-04-30,13.02,18.28,10.0
2018-05-01,12.8,17.22,9.39
2018-05-02,13.56,18.89,9.39
2018-05-03,15.57,23.0,10.0
2018-05-04,18.34,28.89,11.0
2018-05-05,18.83,26.56,12.22
2018-05-06,17.82,25.0,11.72
2018-05-07,18.38,27.11,11.11
2018-05-08,19.6,27.0,12.0
2018-05-09,18.76,25.0,13.89
2018-05-10,17.67,24.0,12.0
2018-05-11,16.87,20.0,12.22
2018-05-12,16.15,21.06,12.22
2018-05-13,15.63,21.11,12.0
2018-05-14,15.91,21.72,11.11
2018-05-15,16.01,22.0,11.72
2018-05-16,15.71,21.11,11.72
2018-05-17,16.17,22.11,11.11
2018-05-18,16.78,22.0,12.22
2018-05-19,16.53,21.42,12.78
2018-05-20,15.9,20.61,12.22
2018-05-21,15.95,19.39,12.22
2018-05-22,16.4,21.0,12.78
2018-05-23,16.49,21.0,12.78
2018-05-24,16.12,19.7,12.78
2018-05-25,14.95,19.39,12.78
2018-05-26,15.25,20.61,12.11
2018-05-27,17.94,24.7,11.72
2018-05-28,20.15,29.0,13.61
2018-05-29,20.32,28.0,15.0
2018-05-30,17.65,22.0,13.28
2018-05-31,16.08,21.72,12.22
2018-06-01,18.61,26.11,10.61
2018-06-02,21.9,31.11,13.28
2018-06-03,22.39,31.72,15.61
2018-06-04,20.96,27.0,15.0
2018-06-05,18.93,25.0,13.89
2018-06-06,18.21,24.0,13.0
2018-06-07,18.59,25.0,12.78
2018-06-08,20.41,28.28,12.78
2018-06-09,19.22,25.0,14.34
2018-06-10,18.84,26.0,12.61
2018-06-11,21.12,29.0,13.28
2018-06-12,22.89,32.0,15.0
2018-06-13,22.35,32.0,15.61
2018-06-14,21.33,30.61,16.0
2018-06-15,19.91,26.72,15.61
2018-06-16,17.82,22.78,13.28
2018-06-17,17.06,21.16,13.28
2018-06-18,19.09,25.0,13.89
2018-06-19,20.02,27.5,13.89
2018-06-20,20.6,29.0,14.39
2018-06-21,21.05,30.0,15.0
2018-06-22,22.41,32.0,16.0
2018-06-23,22.78,31.0,16.72
2018-06-24,22.0,27.78,16.72
2018-06-25,21.05,29.0,15.61
2018-06-26,21.17,30.0,15.0
2018-06-27,20.91,28.89,15.61
2018-06-28,20.32,26.11,15.0
2018-06-29,21.17,27.78,15.0
2018-06-30,22.6,30.0,16.72
2018-07-01,22.21,29.0,16.72
2018-07-02,21.44,28.28,16.11
2018-07-03,20.69,27.0,16.72
2018-07-04,20.68,26.72,15.61
2018-07-05,22.84,31.72,15.0
2018-07-06,26.88,35.0,18.28
2018-07-07,26.84,35.3,19.94
2018-07-08,25.95,34.0,19.39
2018-07-09,25.43,34.0,19.0
2018-07-10,24.35,32.22,19.7
2018-07-11,23.64,33.0,18.28
2018-07-12,23.96,32.11,19.39
2018-07-13,24.03,32.0,20.0
2018-07-14,24.22,32.0,19.39
2018-07-15,23.51,32.22,19.0
2018-07-16,23.45,32.78,18.28
2018-07-17,23.59,33.14,18.89
2018-07-18,23.67,32.39,18.94
2018-07-19,24.22,33.28,19.0
2018-07-20,24.04,31.47,19.58
2018-07-21,23.67,31.86,19.39
2018-07-22,24.5,32.22,18.94
2018-07-23,25.36,34.39,20.0
2018-07-24,25.42,35.0,19.39
2018-07-25,25.34,35.5,19.39
2018-07-26,24.3,33.0,20.0
2018-07-27,23.64,34.0,18.39
2018-07-28,23.28,32.22,18.28
2018-07-29,23.62,33.0,18.89
2018-07-30,24.36,34.0,19.39
2018-07-31,24.31,34.0,19.39
2018-08-01,24.39,33.28,20.0
2018-08-02,23.74,32.78,18.89
2018-08-03,24.18,32.78,17.78
2018-08-04,24.28,34.0,17.78
2018-08-05,23.2,32.0,16.72
2018-08-06,24.34,34.0,16.72
2018-08-07,24.03,33.0,17.78
2018-08-08,24.19,34.0,17.22
2018-08-09,24.88,36.0,18.28
2018-08-10,25.27,33.94,20.11
2018-08-11,24.51,33.0,19.39
2018-08-12,23.45,32.0,18.89
2018-08-13,22.53,30.61,17.78
2018-08-14,22.13,29.0,17.22
2018-08-15,22.51,29.7,17.22
2018-08-16,23.02,31.0,17.89
2018-08-17,23.78,32.0,18.94
2018-08-18,23.85,32.0,19.39
2018-08-19,23.31,32.0,17.78
2018-08-20,22.56,30.0,17.78
2018-08-21,21.41,27.78,16.72
2018-08-22,21.6,29.0,16.72
2018-08-23,21.19,28.28,16.11
2018-08-24,20.59,27.22,15.61
2018-08-25,20.82,28.58,15.0
2018-08-26,20.61,28.0,15.5
2018-08-27,20.33,27.0,14.56
2018-08-28,20.41,26.2,15.0
2018-08-29,21.25,28.0,15.11
2018-08-30,21.02,27.22,15.61
2018-08-31,20.56,29.0,14.39
2018-09-01,20.53,28.28,15.61
2018-09-02,21.15,28.89,16.11
2018-09-03,20.81,29.0,17.0
2018-09-04,21.21,28.5,16.72
2018-09-05,20.87,28.14,16.86
2018-09-06,20.73,29.39,15.61
2018-09-07,22.1,33.0,16.0
2018-09-08,22.34,33.0,16.11
2018-09-09,21.65,32.78,15.0
2018-09-10,20.92,30.0,15.0
2018-09-11,20.52,28.28,15.0
2018-09-12,19.42,25.0,15.0
2018-09-13,19.38,26.11,13.89
2018-09-14,20.11,27.78,12.22
2018-09-15,19.37,26.0,13.94
2018-09-16,19.33,27.0,11.86
2018-09-17,18.76,27.0,12.78
2018-09-18,18.94,27.0,12.22
2018-09-19,18.71,28.0,12.22
2018-09-20,19.98,30.3,13.14
2018-09-21,20.13,29.2,13.66
2018-09-22,20.7,30.11,15.0
2018-09-23,19.78,28.64,14.39
2018-09-24,18.99,27.0,13.28
2018-09-25,18.81,27.22,13.61
2018-09-26,19.69,31.72,13.89
2018-09-27,20.09,31.36,14.0
2018-09-28,19.72,27.11,15.0
2018-09-29,18.95,23.89,14.39
2018-09-30,19.91,26.0,14.2
2018-10-01,20.98,28.0,16.11
2018-10-02,20.38,26.72,17.78
2018-10-03,19.1,24.39,16.72
2018-10-04,17.91,23.28,15.61
2018-10-05,17.36,24.0,13.28
2018-10-06,17.48,23.28,13.28
2018-10-07,17.41,24.0,13.89
2018-10-08,17.2,25.0,12.78
2018-10-09,16.86,24.11,12.22
2018-10-10,16.1,22.22,12.22
2018-10-11,16.1,23.0,12.0
2018-10-12,17.07,26.72,11.72
2018-10-13,16.44,23.0,12.78
2018-10-14,16.16,23.11,12.11
2018-10-15,16.18,26.42,10.0
2018-10-16,15.98,26.72,8.25
2018-10-17,15.2,26.11,8.89
2018-10-18,15.61,27.0,9.39
2018-10-19,17.19,28.89,10.0
2018-10-20,17.19,28.89,10.0
2018-10-21,15.81,26.0,10.0
2018-10-22,15.48,23.89,11.42
2018-10-23,15.42,22.22,10.61
2018-10-24,15.83,25.0,10.0
2018-10-25,16.0,26.11,11.11
2018-10-26,17.1,27.0,11.11
2018-10-27,17.14,27.0,11.72
2018-10-28,16.75,24.39,12.22
2018-10-29,15.39,22.22,11.11
2018-10-30,14.5,22.89,10.8
2018-10-31,15.16,25.0,9.0
2018-11-01,16.31,27.0,10.0
2018-11-02,16.65,27.78,10.61
2018-11-03,16.81,27.78,11.11
2018-11-04,15.84,26.11,10.3
2018-11-05,14.51,24.39,10.42
2018-11-06,13.75,23.58,8.59
2018-11-07,14.07,22.78,7.5
2018-11-08,13.88,22.22,8.28
2018-11-09,12.31,22.78,5.61
2018-11-10,10.14,20.0,3.28
2018-11-11,10.99,21.72,3.89
2018-11-12,10.56,21.72,4.0
2018-11-13,11.14,19.0,4.2
2018-11-14,10.58,20.61,5.0
2018-11-15,10.31,21.34,4.0
2018-11-16,10.06,21.0,4.0
2018-11-17,9.88,20.0,4.39
2018-11-18,9.36,20.0,5.61
2018-11-19,10.12,19.0,5.0
2018-11-20,10.53,20.0,4.0
2018-11-21,13.26,18.89,7.22
2018-11-22,12.65,18.0,10.61
2018-11-23,13.45,16.72,10.61
2018-11-24,13.42,18.89,10.3
2018-11-25,11.52,19.39,8.28
2018-11-26,12.09,19.39,7.22
2018-11-27,12.74,18.94,8.28
2018-11-28,13.02,17.78,11.11
2018-11-29,12.28,15.0,11.0
2018-11-30,10.84,16.0,8.0
2018-12-01,9.63,15.0,6.11
2018-12-02,7.59,13.28,3.89
2018-12-03,8.38,15.0,4.39
2018-12-04,9.97,14.39,7.78
2018-12-05,9.73,14.0,8.0
2018-12-06,9.36,15.0,8.0
2018-12-07,9.17,16.72,6.72
2018-12-08,8.82,16.72,5.0
2018-12-09,9.44,13.94,6.11
2018-12-10,9.88,15.0,7.0
2018-12-11,9.24,16.11,5.61
2018-12-12,9.52,17.22,5.0
2018-12-13,8.8,17.11,4.2
2018-12-14,10.67,16.72,6.72
2018-12-15,9.93,17.0,6.89
2018-12-16,11.11,16.72,6.72
2018-12-17,11.39,16.11,8.28
2018-12-18,10.43,17.0,6.72
2018-12-19,10.16,17.53,6.72
2018-12-20,10.73,16.42,6.11
2018-12-21,10.89,17.22,8.0
2018-12-22,9.52,16.06,6.0
2018-12-23,9.96,16.11,6.89
2018-12-24,10.8,16.0,7.11
2018-12-25,9.99,15.61,7.0
2018-12-26,8.17,15.0,3.89
2018-12-27,8.08,15.0,3.28
2018-12-28,6.89,13.89,3.11
2018-12-29,6.06,14.89,1.0
2018-12-30,7.44,15.0,1.72
2018-12-31,7.55,13.0,3.28
2019-01-01,5.19,13.0,0.61
2019-01-02,4.62,13.28,-0.44
2019-01-03,5.37,14.39,0.0
2019-01-04,6.27,15.0,1.0
2019-01-05,8.2,12.78,4.39
2019-01-06,8.86,13.89,6.0
2019-01-07,9.73,15.61,8.28
2019-01-08,11.32,16.72,8.28
2019-01-09,11.42,16.3,8.28
2019-01-10,9.41,16.0,6.86
2019-01-11,9.85,15.8,7.11
2019-01-12,9.41,15.61,7.22
2019-01-13,8.81,15.61,4.72
2019-01-14,9.26,13.28,7.22
2019-01-15,10.05,13.28,8.89
2019-01-16,12.4,16.0,11.0
2019-01-17,12.45,15.61,10.61
2019-01-18,11.23,17.0,10.0
2019-01-19,12.07,18.94,9.39
2019-01-20,12.15,17.22,8.28
2019-01-21,9.54,14.34,5.61
2019-01-22,8.19,15.11,4.0
2019-01-23,8.13,16.0,2.78
2019-01-24,9.77,18.28,4.0
2019-01-25,9.76,19.39,3.89
2019-01-26,11.32,19.39,5.61
2019-01-27,10.78,21.0,6.06
2019-01-28,11.78,18.89,7.0
2019-01-29,11.7,18.28,8.89
2019-01-30,11.11,18.0,8.89
2019-01-31,10.99,16.11,8.28
2019-02-01,11.47,15.61,8.28
2019-02-02,11.15,15.0,10.0
2019-02-03,10.23,13.89,9.0
2019-02-04,8.97,12.11,6.0
2019-02-05,6.04,10.0,2.78
2019-02-06,5.05,12.0,0.61
2019-02-07,5.4,12.78,0.11
2019-02-08,6.84,13.0,2.22
2019-02-09,7.37,12.78,5.0
2019-02-10,6.45,11.0,2.78
2019-02-11,5.24,12.22,1.11
2019-02-12,8.42,12.78,1.72
2019-02-13,10.45,15.0,8.28
2019-02-14,11.73,16.06,8.89
2019-02-15,8.42,12.58,6.11
2019-02-16,7.52,12.78,5.0
2019-02-17,6.21,11.72,3.89
2019-02-18,5.36,12.78,1.61
2019-02-19,5.79,13.0,0.61
2019-02-20,6.97,12.22,2.78
2019-02-21,6.0,12.78,2.75
2019-02-22,5.39,13.0,1.11
2019-02-23,7.12,13.89,0.61
2019-02-24,8.82,15.0,4.39
2019-02-25,10.44,16.72,7.0
2019-02-26,11.04,16.11,7.78
2019-02-27,11.67,17.0,9.0
2019-02-28,11.5,17.22,9.39
2019-03-01,11.83,15.61,8.28
2019-03-02,12.25,15.61,11.11
2019-03-03,11.91,16.11,10.61
2019-03-04,10.79,15.61,9.0
2019-03-05,11.9,15.0,8.89
2019-03-06,12.19,16.0,11.0
2019-03-07,10.56,14.39,8.0
2019-03-08,8.36,13.28,6.0
2019-03-09,8.45,13.0,4.58
2019-03-10,8.65,14.39,6.0
2019-03-11,9.92,17.78,4.39
2019-03-12,10.53,17.0,6.72
2019-03-13,9.51,16.72,6.0
2019-03-14,10.46,18.28,4.11
2019-03-15,11.52,20.0,4.39
2019-03-16,12.89,22.22,5.0
2019-03-17,13.88,23.28,6.5
2019-03-18,13.96,23.89,8.0
2019-03-19,13.85,20.61,8.89
2019-03-20,11.74,16.72,9.39
2019-03-21,10.0,16.11,6.86
2019-03-22,11.45,16.72,6.72
2019-03-23,11.59,17.11,8.89
2019-03-24,11.38,18.64,5.61
2019-03-25,13.0,19.39,7.78
2019-03-26,12.95,19.7,8.89
2019-03-27,13.27,18.28,10.0
2019-03-28,11.94,17.78,8.89
2019-03-29,11.55,18.89,7.0
2019-03-30,13.12,21.11,6.36
2019-03-31,15.25,23.89,7.22
2019-04-01,15.56,23.89,10.0
2019-04-02,13.81,18.89,11.11
2019-04-03,13.15,18.0,11.0
2019-04-04,13.1,17.78,11.11
2019-04-05,12.96,17.22,10.0
2019-04-06,14.37,20.0,10.61
2019-04-07,16.63,23.53,11.11
2019-04-08,18.04,24.39,13.0
2019-04-09,15.12,20.0,11.11
2019-04-10,14.02,21.72,8.89
2019-04-11,13.47,20.0,8.89
2019-04-12,13.59,21.72,9.0
2019-04-13,15.14,23.89,8.0
2019-04-14,14.71,22.0,10.0
2019-04-15,12.93,17.78,10.0
2019-04-16,12.46,18.28,10.0
2019-04-17,14.71,24.0,8.28
2019-04-18,17.5,27.78,9.89
2019-04-19,16.98,25.3,12.0
2019-04-20,14.56,18.94,11.72
2019-04-21,13.94,20.61,8.89
2019-04-22,16.54,25.0,9.0
2019-04-23,18.97,29.39,11.72
2019-04-24,19.22,28.28,13.28
2019-04-25,18.48,28.0,13.28
2019-04-26,17.64,25.0,12.78
2019-04-27,16.85,22.78,12.78
2019-04-28,16.47,22.22,11.72
2019-04-29,15.03,19.39,12.0
2019-04-30,14.1,18.89,11.11
2019-05-01,14.86,22.0,9.39
2019-05-02,15.68,24.0,9.39
2019-05-03,16.38,24.7,10.0
2019-05-04,16.07,24.0,10.61
2019-05-05,15.4,21.11,10.61
2019-05-06,14.99,20.0,11.11
2019-05-07,15.58,20.0,11.72
2019-05-08,16.26,20.0,12.22
2019-05-09,15.92,19.0,13.0
2019-05-10,15.78,20.0,12.78
2019-05-11,16.78,24.11,12.0
2019-05-12,17.72,25.0,12.78
2019-05-13,17.5,23.89,13.28
2019-05-14,17.64,22.0,13.0
2019-05-15,16.15,19.39,13.89
2019-05-16,13.58,18.0,11.72
2019-05-17,13.63,19.39,10.61
2019-05-18,13.3,18.89,8.89
2019-05-19,12.0,16.72,10.0
2019-05-20,13.1,19.0,9.0
2019-05-21,12.97,18.28,10.8
2019-05-22,13.68,18.89,10.0
2019-05-23,14.72,18.58,12.0
2019-05-24,15.81,22.89,11.11
2019-05-25,15.16,21.11,11.72
2019-05-26,12.73,16.11,10.61
2019-05-27,13.64,18.89,9.39
2019-05-28,15.98,22.22,11.0
2019-05-29,17.68,26.0,12.22
2019-05-30,17.37,23.89,12.78
2019-05-31,17.81,25.0,13.14
2019-06-01,18.28,23.0,14.0
2019-06-02,18.14,22.22,14.0
2019-06-03,19.2,25.61,14.0
2019-06-04,20.87,28.89,15.0
2019-06-05,21.49,29.39,16.0
2019-06-06,19.28,25.61,15.0
2019-06-07,17.91,24.0,12.78
2019-06-08,19.97,28.89,13.28
2019-06-09,22.64,33.28,14.0
2019-06-10,24.72,36.72,16.11
2019-06-11,25.76,37.0,17.78
2019-06-12,24.14,32.22,17.22
2019-06-13,21.16,27.22,16.11
2019-06-14,19.85,25.61,15.0
2019-06-15,19.48,26.25,14.7
2019-06-16,19.41,25.61,14.39
2019-06-17,20.52,26.11,15.61
2019-06-18,21.7,27.22,16.72
2019-06-19,21.34,28.28,16.11
2019-06-20,19.87,23.28,16.11
2019-06-21,18.95,23.28,15.0
2019-06-22,20.66,28.0,15.0
2019-06-23,21.47,30.0,15.0
2019-06-24,21.01,27.78,16.11
2019-06-25,20.18,25.61,15.61
2019-06-26,19.12,24.0,15.0
2019-06-27,18.91,25.0,13.89
2019-06-28,19.52,27.0,14.72
2019-06-29,20.73,29.39,13.28
2019-06-30,21.21,30.3,15.0
2019-07-01,21.07,29.0,14.0
2019-07-02,20.78,27.22,14.39
2019-07-03,20.09,27.0,14.39
2019-07-04,20.18,27.75,14.39
2019-07-05,20.98,28.94,15.3
2019-07-06,20.85,29.0,15.61
2019-07-07,19.8,26.72,16.0
2019-07-08,19.07,25.0,14.39
2019-07-09,20.4,28.0,14.0
2019-07-10,21.63,29.7,16.11
2019-07-11,22.73,31.86,16.11
2019-07-12,22.99,32.11,16.11
2019-07-13,23.11,32.89,16.86
2019-07-14,22.55,32.0,16.72
2019-07-15,23.72,32.0,16.94
2019-07-16,22.54,30.3,16.11
2019-07-17,22.11,29.39,16.0
2019-07-18,21.9,29.34,16.72
2019-07-19,21.1,28.28,16.11
2019-07-20,21.26,28.0,16.11
2019-07-21,22.32,31.11,16.0
2019-07-22,23.88,33.0,17.22
2019-07-23,24.27,34.0,19.0
2019-07-24,25.26,35.61,18.89
2019-07-25,24.77,34.0,20.61
2019-07-26,24.1,33.28,19.39
2019-07-27,25.03,35.0,18.0
2019-07-28,24.58,34.0,18.94
2019-07-29,22.73,31.06,17.22
2019-07-30,21.66,30.0,16.0
2019-07-31,21.9,31.0,15.61
2019-08-01,22.3,30.61,16.75
2019-08-02,22.83,32.22,16.11
2019-08-03,23.44,34.0,17.0
2019-08-04,23.28,33.28,17.0
2019-08-05,23.35,33.0,16.72
2019-08-06,23.28,34.0,18.28
2019-08-07,22.1,31.0,17.22
2019-08-08,21.25,28.89,16.0
2019-08-09,21.24,28.28,15.61
2019-08-10,20.74,26.86,16.11
2019-08-11,20.84,29.2,15.0
2019-08-12,22.21,31.72,15.61
2019-08-13,23.07,33.0,16.11
2019-08-14,24.35,36.0,16.72
2019-08-15,24.49,36.86,17.22
2019-08-16,23.42,32.89,17.78
2019-08-17,21.57,29.0,17.0
2019-08-18,20.91,28.94,16.0
2019-08-19,20.87,28.89,15.72
2019-08-20,21.92,30.39,16.0
2019-08-21,23.53,32.0,15.0
2019-08-22,23.02,31.0,17.78
2019-08-23,22.66,30.3,17.78
2019-08-24,23.56,33.0,17.11
2019-08-25,24.35,34.39,18.28
2019-08-26,24.52,34.0,19.39
2019-08-27,23.99,33.28,19.0
2019-08-28,23.17,31.0,18.28
2019-08-29,23.51,30.72,18.28
2019-08-30,23.26,32.22,17.22
2019-08-31,23.7,33.89,16.72
2019-09-01,24.12,34.0,17.5
2019-09-02,24.15,33.89,18.94
2019-09-03,24.12,33.14,18.89
2019-09-04,24.64,35.0,18.28
2019-09-05,23.61,32.78,20.61
2019-09-06,23.06,32.06,17.89
2019-09-07,21.65,28.14,16.72
2019-09-08,19.93,26.72,14.39
2019-09-09,19.66,26.72,14.22
2019-09-10,18.9,25.61,15.0
2019-09-11,19.54,28.0,13.89
2019-09-12,21.98,32.89,14.2
2019-09-13,23.33,35.0,15.7
2019-09-14,23.42,35.0,15.61
2019-09-15,21.77,30.0,15.78
2019-09-16,19.54,25.3,16.0
2019-09-17,18.77,26.61,12.78
2019-09-18,19.17,25.0,14.0
2019-09-19,17.88,25.0,13.89
2019-09-20,18.59,27.5,12.78
2019-09-21,19.84,30.0,13.0
2019-09-22,20.34,30.0,13.28
2019-09-23,20.29,28.89,15.0
2019-09-24,22.31,33.28,15.0
2019-09-25,22.79,32.84,17.0
2019-09-26,21.18,26.11,17.78
2019-09-27,19.25,23.0,16.42
2019-09-28,16.4,22.0,13.0
2019-09-29,14.26,21.0,8.94
2019-09-30,13.85,21.3,9.2
2019-10-01,13.77,22.22,7.5
2019-10-02,15.13,25.0,7.22
2019-10-03,15.9,24.39,8.89
2019-10-04,15.44,24.39,8.89
2019-10-05,16.59,27.0,8.28
2019-10-06,18.0,29.39,10.36
2019-10-07,18.27,30.61,11.72
2019-10-08,18.01,29.0,11.11
2019-10-09,16.47,23.58,12.11
2019-10-10,15.45,24.39,9.39
2019-10-11,15.58,26.72,8.0
2019-10-12,14.75,26.11,7.22
2019-10-13,14.72,25.0,7.78
2019-10-14,14.45,23.89,8.28
2019-10-15,15.25,27.0,8.89
2019-10-16,17.35,25.0,9.39
2019-10-17,16.05,22.78,12.78
2019-10-18,15.05,23.0,10.0
2019-10-19,15.25,23.0,9.39
2019-10-20,15.89,25.0,10.3
2019-10-21,18.27,29.39,10.61
2019-10-22,18.93,30.0,11.11
2019-10-23,19.11,30.0,11.72
2019-10-24,20.69,32.0,13.28
2019-10-25,18.98,31.0,11.72
2019-10-26,16.87,28.58,10.0
2019-10-27,14.74,21.11,10.61
2019-10-28,12.47,21.72,6.11
2019-10-29,11.88,21.06,4.06
2019-10-30,11.1,20.61,6.0
2019-10-31,10.35,22.0,3.0
2019-11-01,11.16,22.78,3.28
2019-11-02,12.09,24.39,4.0
2019-11-03,12.16,24.39,5.0
2019-11-04,12.7,25.0,6.06
2019-11-05,13.26,25.0,6.72
2019-11-06,12.93,23.0,8.28
2019-11-07,12.94,23.89,8.89
2019-11-08,13.49,25.89,8.14
2019-11-09,13.54,25.8,7.78
2019-11-10,13.09,23.75,7.78
2019-11-11,13.55,24.0,7.78
2019-11-12,13.49,24.0,8.0
2019-11-13,13.24,22.78,8.0
2019-11-14,13.86,20.61,10.0
2019-11-15,12.94,20.0,9.89
2019-11-16,12.82,22.78,8.0
2019-11-17,14.92,26.11,8.28
2019-11-18,15.11,26.11,8.28
2019-11-19,14.3,21.72,10.0
2019-11-20,11.62,16.72,8.89
2019-11-21,10.37,17.78,6.72
2019-11-22,10.35,19.0,5.3
2019-11-23,10.71,20.61,5.61
2019-11-24,10.24,20.61,4.39
2019-11-25,11.15,18.28,3.89
2019-11-26,8.82,12.78,4.39
2019-11-27,7.53,11.11,5.61
2019-11-28,5.34,10.0,3.89
2019-11-29,5.14,11.72,2.78
2019-11-30,7.44,11.11,3.0
2019-12-01,9.42,14.0,7.78
2019-12-02,10.77,16.11,8.28
2019-12-03,11.64,17.0,9.0
2019-12-04,11.2,14.39,10.61
2019-12-05,11.05,17.0,9.0
2019-12-06,12.8,18.89,9.39
2019-12-07,13.38,17.22,12.78
2019-12-08,12.24,16.11,9.39
2019-12-09,9.73,15.72,7.22
2019-12-10,9.56,15.0,6.5
2019-12-11,10.94,16.56,7.78
2019-12-12,12.39,18.89,10.0
2019-12-13,12.35,17.22,10.0
2019-12-14,11.4,15.61,8.0
2019-12-15,8.19,13.94,4.2
2019-12-16,7.12,14.0,2.78
2019-12-17,7.96,14.39,3.28
2019-12-18,7.73,14.39,5.0
2019-12-19,8.24,15.61,4.39
2019-12-20,9.73,16.72,5.61
2019-12-21,10.17,16.72,6.36
2019-12-22,10.38,15.0,6.11
2019-12-23,7.95,12.22,6.0
2019-12-24,7.21,12.22,4.39
2019-12-25,7.92,12.0,6.0
2019-12-26,6.63,12.78,4.39
2019-12-27,5.69,14.2,1.72
2019-12-28,6.01,14.0,1.72
2019-12-29,7.81,13.0,4.39
2019-12-30,8.66,14.7,5.0
2019-12-31,9.36,17.0,4.0
2020-01-01,9.65,16.0,5.0
2020-01-02,9.23,17.0,5.0
2020-01-03,9.28,18.0,4.39
2020-01-04,9.24,16.86,5.0
2020-01-05,8.62,15.61,4.0
2020-01-06,8.99,16.11,4.0
2020-01-07,8.65,15.0,2.78
2020-01-08,8.44,13.89,5.61
2020-01-09,8.33,13.0,5.0
2020-01-10,7.49,14.39,2.78
2020-01-11,8.11,14.39,3.64
2020-01-12,7.04,13.0,2.78
2020-01-13,7.76,13.89,4.39
2020-01-14,7.76,14.0,3.89
2020-01-15,6.51,13.28,2.0
2020-01-16,7.62,13.28,4.0
2020-01-17,6.68,12.22,3.28
2020-01-18,7.76,13.72,3.0
2020-01-19,9.66,14.61,4.39
2020-01-20,9.89,13.89,7.0
2020-01-21,10.33,15.0,7.22
2020-01-22,10.37,16.72,7.22
2020-01-23,10.3,17.75,6.11
2020-01-24,10.81,18.28,7.22
2020-01-25,11.29,17.22,8.28
2020-01-26,11.65,16.72,8.89
2020-01-27,10.91,17.78,7.11
2020-01-28,10.78,17.22,6.72
2020-01-29,11.2,17.78,6.11
2020-01-30,11.09,18.28,6.72
2020-01-31,11.13,20.0,6.11
2020-02-01,11.13,21.16,6.06
2020-02-02,9.88,16.72,5.0
2020-02-03,7.09,12.78,2.22
2020-02-04,5.94,13.0,1.11
2020-02-05,7.32,15.0,0.66
2020-02-06,8.63,17.25,2.78
2020-02-07,9.18,18.89,3.11
2020-02-08,9.8,17.78,4.0
2020-02-09,9.95,15.0,6.72
2020-02-10,11.3,20.0,6.11
2020-02-11,11.02,20.3,5.3
2020-02-12,9.25,18.39,3.64
2020-02-13,9.02,17.78,4.39
2020-02-14,8.98,18.0,5.0
2020-02-15,10.13,18.89,4.0
2020-02-16,11.27,18.89,6.72
2020-02-17,10.52,20.0,6.11
2020-02-18,10.31,18.89,6.0
2020-02-19,9.79,18.89,4.39
2020-02-20,10.99,20.61,4.39
2020-02-21,13.08,22.0,6.11
2020-02-22,11.55,17.0,9.0
2020-02-23,10.72,17.22,7.22
2020-02-24,11.44,20.61,6.11
2020-02-25,13.36,23.89,7.0
2020-02-26,13.05,23.89,6.11
2020-02-27,14.32,25.0,6.11
2020-02-28,14.61,25.0,8.59
2020-02-29,12.3,19.0,8.28
2020-03-01,10.16,15.0,7.0
2020-03-02,11.89,19.2,6.72
2020-03-03,13.39,23.58,6.11
2020-03-04,12.77,23.0,6.72
2020-03-05,13.41,22.0,8.89
2020-03-06,13.09,18.89,8.89
2020-03-07,11.18,15.0,9.0
2020-03-08,10.54,15.89,7.22
2020-03-09,12.59,19.39,7.78
2020-03-10,13.31,19.39,10.0
2020-03-11,13.25,21.0,10.3
2020-03-12,12.53,18.89,8.28
2020-03-13,12.08,16.0,9.39
2020-03-14,10.89,15.0,10.0
2020-03-15,10.02,14.0,8.28
2020-03-16,8.93,12.89,5.61
2020-03-17,8.02,13.28,5.0
2020-03-18,8.58,13.39,5.0
2020-03-19,8.9,15.0,6.11
2020-03-20,10.28,16.72,6.0
2020-03-21,11.1,17.78,7.78
2020-03-22,12.03,19.39,7.78
2020-03-23,11.51,16.11,9.0
2020-03-24,10.69,15.0,8.28
2020-03-25,9.33,14.39,6.72
2020-03-26,8.13,15.0,3.72
2020-03-27,9.66,16.11,4.0
2020-03-28,10.62,15.94,6.11
2020-03-29,11.33,17.0,8.89
2020-03-30,12.49,19.0,8.0
2020-03-31,13.77,21.72,9.39
2020-04-01,12.73,18.89,8.89
2020-04-02,11.11,18.89,6.72
2020-04-03,11.54,18.89,6.0
2020-04-04,11.98,17.22,7.78
2020-04-05,11.27,14.0,9.2
2020-04-06,10.02,14.11,7.11
2020-04-07,10.48,17.0,6.11
2020-04-08,11.0,15.61,8.28
2020-04-09,10.78,15.0,9.0
2020-04-10,11.71,17.11,9.0
2020-04-11,13.05,19.0,9.39
2020-04-12,13.04,17.11,11.0
2020-04-13,13.35,19.0,10.0
2020-04-14,14.52,23.89,8.89
2020-04-15,15.96,25.0,8.64
2020-04-16,15.02,22.5,10.61
2020-04-17,13.62,18.89,11.0
2020-04-18,13.26,18.0,10.8
2020-04-19,13.61,19.0,10.0
2020-04-20,13.68,18.89,11.11
2020-04-21,14.53,21.11,10.61
2020-04-22,17.79,26.11,10.0
2020-04-23,19.2,28.28,13.0
2020-04-24,20.67,30.0,12.78
2020-04-25,20.1,30.0,13.89
2020-04-26,18.77,28.14,13.28
2020-04-27,18.91,26.0,12.22
2020-04-28,19.79,29.0,13.89
2020-04-29,18.95,25.61,14.7
2020-04-30,18.07,25.3,13.94
2020-05-01,17.72,25.0,11.11
2020-05-02,17.09,24.0,12.78
2020-05-03,16.3,23.28,11.72
2020-05-04,17.56,27.0,8.94
2020-05-05,19.78,28.2,10.8
2020-05-06,20.14,29.06,11.72
2020-05-07,20.79,31.72,12.22
2020-05-08,20.54,31.72,12.78
2020-05-09,19.62,28.0,13.89
2020-05-10,18.27,25.0,13.89
2020-05-11,16.83,23.11,12.22
2020-05-12,15.67,21.11,12.78
2020-05-13,15.65,21.11,11.0
2020-05-14,16.57,22.11,12.22
2020-05-15,17.87,25.0,13.0
2020-05-16,18.9,26.0,13.0
2020-05-17,17.77,23.28,15.0
2020-05-18,15.84,21.06,12.89
2020-05-19,14.64,21.0,10.0
2020-05-20,15.88,22.78,11.0
2020-05-21,18.14,27.0,11.0
2020-05-22,17.14,23.89,12.78
2020-05-23,17.63,25.0,11.72
2020-05-24,19.64,29.0,11.72
2020-05-25,22.3,32.22,14.2
2020-05-26,23.52,33.0,16.72
2020-05-27,23.28,32.89,16.72
2020-05-28,22.06,30.0,16.0
2020-05-29,20.48,25.61,15.61
2020-05-30,18.2,23.28,15.0
2020-05-31,18.51,24.39,13.28
