,temp,max_temp,min_temp
2015-01-01,1.54,6.0,-4.0
2015-01-02,4.87,9.0,-1.0
2015-01-03,8.31,13.0,3.0
2015-01-04,8.12,11.0,5.0
2015-01-05,3.4,8.0,0.0
2015-01-06,2.98,7.0,-1.0
2015-01-07,4.47,9.0,1.0
2015-01-08,7.92,11.0,4.0
2015-01-09,10.63,14.0,6.0
2015-01-10,11.69,13.0,8.0
2015-01-11,7.8,10.0,4.0
2015-01-12,6.16,12.0,2.0
2015-01-13,9.26,13.0,4.0
2015-01-14,8.12,11.0,5.0
2015-01-15,9.29,12.0,5.0
2015-01-16,6.86,9.0,3.0
2015-01-17,4.1,7.0,0.0
2015-01-18,2.92,6.0,0.0
2015-01-19,3.0,5.0,0.0
2015-01-20,1.78,4.0,-1.0
2015-01-21,2.43,5.0,-1.0
2015-01-22,2.29,5.0,0.0
2015-01-23,1.7,4.0,-1.0
2015-01-24,2.74,7.0,-1.0
2015-01-25,2.95,7.0,-1.0
2015-01-26,4.96,8.0,2.0
2015-01-27,5.3,8.0,2.0
2015-01-28,6.07,10.0,3.0
2015-01-29,6.37,8.0,4.0
2015-01-30,4.25,7.0,1.0
2015-01-31,3.41,6.0,1.0
2015-02-01,3.14,5.0,1.0
2015-02-02,2.22,5.0,-1.0
2015-02-03,0.66,3.0,-2.0
2015-02-04,0.95,4.0,-1.0
2015-02-05,0.8,3.0,-1.0
2015-02-06,0.4,2.0,-1.0
2015-02-07,1.29,5.0,-2.0
2015-02-08,3.3,7.0,0.0
2015-02-09,2.65,8.0,-2.0
2015-02-10,2.74,7.0,0.0
2015-02-11,2.9,10.0,-2.0
2015-02-12,3.87,12.0,-2.0
2015-02-13,7.62,12.0,2.0
2015-02-14,7.13,10.0,5.0
2015-02-15,5.57,9.0,3.0
2015-02-16,5.2,9.0,1.0
2015-02-17,5.63,8.0,3.0
2015-02-18,3.88,9.0,0.0
2015-02-19,4.4,10.0,-1.0
2015-02-20,7.52,11.0,2.0
2015-02-21,5.14,8.0,2.0
2015-02-22,4.67,9.0,-1.0
2015-02-23,6.88,11.0,3.0
2015-02-24,5.51,9.0,3.0
2015-02-25,7.15,10.0,3.0
2015-02-26,8.6,11.0,6.0
2015-02-27,6.1,9.0,3.0
2015-02-28,6.78,10.0,0.5
2015-03-01,9.98,12.0,7.0
2015-03-02,9.91,12.0,5.0
2015-03-03,7.86,12.0,4.0
2015-03-04,5.85,9.0,2.0
2015-03-05,5.04,11.0,0.0
2015-03-06,5.8,13.0,0.0
2015-03-07,7.18,16.0,0.0
2015-03-08,8.09,16.0,1.0
2015-03-09,8.27,15.0,4.0
2015-03-10,9.46,15.0,4.0
2015-03-11,9.86,15.0,6.0
2015-03-12,8.65,15.0,4.0
2015-03-13,7.74,11.0,4.0
2015-03-14,6.3,10.0,3.0
2015-03-15,6.01,9.0,3.0
2015-03-16,6.97,13.0,3.0
2015-03-17,9.55,16.0,2.0
2015-03-18,10.49,17.0,5.0
2015-03-19,8.81,13.0,5.0
2015-03-20,8.27,12.0,6.0
2015-03-21,7.89,11.0,5.0
2015-03-22,7.02,10.0,4.0
2015-03-23,7.86,15.0,1.0
2015-03-24,7.94,11.0,4.0
2015-03-25,5.81,10.0,3.0
2015-03-26,7.93,11.0,2.0
2015-03-27,8.94,12.0,4.0
2015-03-28,11.06,14.0,7.0
2015-03-29,11.75,13.0,10.0
2015-03-30,12.12,14.0,10.0
2015-03-31,12.34,14.0,8.0
2015-04-01,8.98,12.0,5.0
2015-04-02,9.57,13.0,6.0
2015-04-03,9.85,13.0,7.0
2015-04-04,9.33,11.0,6.0
2015-04-05,7.19,11.0,3.0
2015-04-06,8.56,14.0,1.0
2015-04-07,9.21,16.0,3.0
2015-04-08,10.63,18.0,2.0
2015-04-09,12.52,21.0,4.0
2015-04-10,13.15,20.0,6.0
2015-04-11,11.8,16.0,8.0
2015-04-12,12.57,20.0,5.0
2015-04-13,14.68,22.0,6.0
2015-04-14,16.51,25.0,7.0
2015-04-15,16.85,26.0,9.0
2015-04-16,15.27,21.0,11.0
2015-04-17,13.35,17.0,11.0
2015-04-18,12.11,17.0,8.0
2015-04-19,11.34,16.0,6.0
2015-04-20,13.03,20.0,6.0
2015-04-21,14.54,22.0,7.0
2015-04-22,14.53,22.0,8.0
2015-04-23,13.69,20.0,8.0
2015-04-24,14.54,21.0,8.0
2015-04-25,14.38,19.0,12.0
2015-04-26,13.84,18.0,10.0
2015-04-27,11.86,15.0,8.0
2015-04-28,9.88,14.0,5.0
2015-04-29,10.98,16.0,3.0
2015-04-30,12.23,15.0,7.0
2015-05-01,12.84,15.0,11.0
2015-05-02,14.51,16.0,12.0
2015-05-03,16.09,20.0,13.0
2015-05-04,17.39,22.0,13.0
2015-05-05,16.6,20.0,12.0
2015-05-06,13.59,17.0,8.0
2015-05-07,13.87,18.0,6.0
2015-05-08,15.2,20.0,9.0
2015-05-09,15.64,20.0,11.0
2015-05-10,17.11,24.0,9.0
2015-05-11,18.51,27.0,11.0
2015-05-12,17.23,23.0,12.0
2015-05-13,17.28,23.0,11.0
2015-05-14,14.81,18.0,10.0
2015-05-15,12.11,16.0,8.0
2015-05-16,13.93,18.0,8.0
2015-05-17,14.6,20.0,9.0
2015-05-18,14.92,21.0,7.0
2015-05-19,12.27,16.0,9.0
2015-05-20,11.08,15.0,7.0
2015-05-21,12.54,17.0,6.0
2015-05-22,14.42,19.0,6.0
2015-05-23,15.67,20.0,11.0
2015-05-24,16.49,21.0,11.0
2015-05-25,15.37,20.0,11.0
2015-05-26,14.66,19.0,11.0
2015-05-27,15.45,21.0,8.0
2015-05-28,15.95,22.0,9.0
2015-05-29,15.51,20.0,10.0
2015-05-30,15.55,20.0,10.0
2015-05-31,16.92,21.5,10.0
2015-06-01,15.73,19.0,11.0
2015-06-02,18.47,25.0,12.0
2015-06-03,18.55,23.0,13.0
2015-06-04,22.08,29.0,12.0
2015-06-05,22.23,32.0,15.0
2015-06-06,19.2,24.0,14.0
2015-06-07,19.3,25.0,14.0
2015-06-08,18.43,24.0,13.0
2015-06-09,17.19,22.0,12.0
2015-06-10,17.84,23.0,13.0
2015-06-11,21.27,28.0,15.0
2015-06-12,19.05,24.0,15.0
2015-06-13,18.36,25.0,14.0
2015-06-14,17.61,22.0,14.0
2015-06-15,17.41,21.0,14.0
2015-06-16,17.08,22.0,14.0
2015-06-17,18.2,24.0,11.0
2015-06-18,18.47,22.0,12.0
2015-06-19,17.68,23.0,12.0
2015-06-20,18.29,23.0,11.0
2015-06-21,18.91,24.0,13.0
2015-06-22,18.51,25.0,12.0
2015-06-23,17.26,21.0,11.0
2015-06-24,18.92,25.0,9.0
2015-06-25,21.46,27.0,12.0
2015-06-26,22.34,30.0,14.0
2015-06-27,20.61,26.0,16.0
2015-06-28,21.82,29.0,12.5
2015-06-29,22.59,29.5,15.0
2015-06-30,25.88,33.0,17.0
2015-07-01,25.65,33.5,18.0
2015-07-02,23.94,30.0,19.0
2015-07-03,26.3,34.5,18.0
2015-07-04,25.56,32.0,20.0
2015-07-05,22.82,29.0,18.0
2015-07-06,23.93,31.0,16.0
2015-07-07,23.08,28.0,18.0
2015-07-08,19.65,22.0,15.0
2015-07-09,19.2,24.0,13.0
2015-07-10,22.3,30.0,12.0
2015-07-11,22.19,28.0,15.0
2015-07-12,20.96,26.0,14.0
2015-07-13,21.38,27.0,16.0
2015-07-14,21.73,27.0,16.0
2015-07-15,23.29,31.0,16.0
2015-07-16,25.21,35.0,17.0
2015-07-17,24.0,31.0,18.0
2015-07-18,22.17,30.0,18.0
2015-07-19,22.74,27.0,18.0
2015-07-20,23.14,28.0,19.0
2015-07-21,24.15,32.0,18.0
2015-07-22,22.31,28.0,18.0
2015-07-23,21.41,27.0,17.0
2015-07-24,21.76,28.0,15.0
2015-07-25,19.37,23.0,14.0
2015-07-26,18.38,22.0,11.0
2015-07-27,19.76,24.0,15.0
2015-07-28,18.05,21.0,14.0
2015-07-29,17.7,21.0,12.0
2015-07-30,17.28,22.0,10.0
2015-07-31,18.12,23.0,10.0
2015-08-01,18.54,25.0,13.5
2015-08-02,22.29,30.0,11.0
2015-08-03,23.81,33.0,16.0
2015-08-04,20.78,25.0,16.0
2015-08-05,22.97,31.0,14.0
2015-08-06,23.2,31.0,18.0
2015-08-07,23.47,29.0,18.0
2015-08-08,20.98,25.0,16.0
2015-08-09,19.7,23.0,16.0
2015-08-10,20.51,27.0,15.0
2015-08-11,22.47,29.5,17.0
2015-08-12,24.8,33.0,18.0
2015-08-13,21.74,27.0,18.0
2015-08-14,18.74,23.0,16.0
2015-08-15,17.0,21.0,14.0
2015-08-16,17.37,22.0,12.0
2015-08-17,17.71,22.0,13.0
2015-08-18,17.43,22.0,12.0
2015-08-19,18.67,24.0,12.0
2015-08-20,19.84,26.0,14.0
2015-08-21,21.6,29.0,14.0
2015-08-22,22.12,29.0,15.0
2015-08-23,18.8,23.0,15.0
2015-08-24,17.6,21.0,14.0
2015-08-25,18.03,22.0,11.0
2015-08-26,20.87,28.0,15.0
2015-08-27,19.46,26.0,15.0
2015-08-28,19.96,26.0,16.0
2015-08-29,22.88,31.0,16.0
2015-08-30,23.43,32.0,18.0
2015-08-31,22.22,29.0,17.0
2015-09-01,18.3,22.0,14.0
2015-09-02,16.3,21.0,11.0
2015-09-03,15.54,20.0,11.0
2015-09-04,15.14,19.0,10.0
2015-09-05,14.93,19.0,11.0
2015-09-06,14.69,19.0,9.0
2015-09-07,15.09,20.0,8.0
2015-09-08,15.43,22.0,10.0
2015-09-09,16.93,25.0,10.0
2015-09-10,16.97,24.0,11.0
2015-09-11,18.13,24.0,12.0
2015-09-12,17.76,21.0,14.0
2015-09-13,16.54,22.0,14.0
2015-09-14,15.96,19.0,12.0
2015-09-15,15.63,19.0,11.0
2015-09-16,18.34,23.0,14.0
2015-09-17,16.07,19.0,13.0
2015-09-18,14.87,19.0,11.0
2015-09-19,14.61,19.0,11.0
2015-09-20,13.72,20.0,9.0
2015-09-21,14.58,20.0,8.0
2015-09-22,14.2,17.0,11.0
2015-09-23,13.03,18.0,9.0
2015-09-24,14.19,19.0,9.0
2015-09-25,14.22,19.0,10.0
2015-09-26,13.7,19.0,9.0
2015-09-27,14.23,20.0,9.0
2015-09-28,14.01,20.0,9.0
2015-09-29,13.58,19.0,9.0
2015-09-30,13.6,19.0,9.0
2015-10-01,12.2,17.0,7.0
2015-10-02,12.57,19.0,7.0
2015-10-03,13.12,19.0,9.0
2015-10-04,13.66,17.0,8.0
2015-10-05,17.05,20.0,13.0
2015-10-06,16.93,20.0,14.0
2015-10-07,14.02,17.0,11.0
2015-10-08,12.62,17.0,9.0
2015-10-09,11.71,17.0,7.0
2015-10-10,12.25,17.0,8.0
2015-10-11,12.29,17.0,8.0
2015-10-12,11.81,15.0,8.0
2015-10-13,10.55,13.0,6.0
2015-10-14,7.82,12.0,4.0
2015-10-15,7.15,10.0,4.0
2015-10-16,7.95,12.0,3.0
2015-10-17,9.82,14.0,6.0
2015-10-18,10.51,14.0,6.0
2015-10-19,10.65,15.0,5.0
2015-10-20,10.4,14.0,7.0
2015-10-21,10.33,14.0,6.0
2015-10-22,11.88,14.0,10.0
2015-10-23,11.91,15.0,10.0
2015-10-24,12.48,17.0,8.0
2015-10-25,11.79,16.0,8.0
2015-10-26,13.1,19.0,7.0
2015-10-27,13.9,19.0,10.0
2015-10-28,12.42,15.0,9.0
2015-10-29,11.51,16.0,7.0
2015-10-30,11.84,18.0,8.0
2015-10-31,11.67,20.0,8.0
2015-11-01,12.31,20.0,7.0
2015-11-02,11.59,18.0,7.0
2015-11-03,12.73,17.0,10.0
2015-11-04,13.75,17.0,11.0
2015-11-05,13.81,18.0,10.0
2015-11-06,15.04,19.0,13.0
2015-11-07,14.91,21.0,11.0
2015-11-08,14.5,21.0,10.0
2015-11-09,14.12,18.0,11.0
2015-11-10,12.15,16.0,9.0
2015-11-11,11.09,16.0,7.0
2015-11-12,11.09,16.0,8.0
2015-11-13,11.54,15.0,8.0
2015-11-14,10.74,14.0,6.0
2015-11-15,10.93,16.0,8.0
2015-11-16,11.34,15.0,8.0
2015-11-17,13.49,16.0,11.0
2015-11-18,13.86,17.0,11.0
2015-11-19,14.31,17.0,12.0
2015-11-20,13.14,15.0,8.0
2015-11-21,7.02,9.0,3.0
2015-11-22,3.91,7.0,1.0
2015-11-23,2.68,6.0,-1.0
2015-11-24,4.31,8.0,-1.0
2015-11-25,8.07,10.0,5.0
2015-11-26,7.03,10.0,4.0
2015-11-27,5.3,10.0,1.0
2015-11-28,6.73,10.0,3.0
2015-11-29,10.03,13.0,7.0
2015-11-30,10.38,13.0,9.0
2015-12-01,9.81,13.0,9.0
2015-12-02,7.46,12.0,2.0
2015-12-03,7.22,12.0,3.0
2015-12-04,9.14,12.0,4.0
2015-12-05,7.48,11.0,3.0
2015-12-06,10.06,14.0,7.0
2015-12-07,9.84,15.0,7.0
2015-12-08,9.99,14.0,6.0
2015-12-09,7.66,11.0,3.0
2015-12-10,4.54,10.0,1.0
2015-12-11,7.13,12.0,1.0
2015-12-12,7.48,12.0,4.0
2015-12-13,6.14,10.0,3.0
2015-12-14,7.01,12.0,4.0
2015-12-15,9.79,13.0,7.0
2015-12-16,11.4,15.0,8.0
2015-12-17,11.66,16.0,9.0
2015-12-18,11.07,14.0,9.0
2015-12-19,11.3,15.0,8.0
2015-12-20,11.65,15.0,9.0
2015-12-21,10.93,14.0,8.0
2015-12-22,10.55,14.0,9.0
2015-12-23,10.31,13.0,8.0
2015-12-24,10.57,14.0,8.0
2015-12-25,10.51,15.0,8.0
2015-12-26,9.31,14.0,7.0
2015-12-27,8.68,14.0,6.0
2015-12-28,9.21,14.0,6.0
2015-12-29,9.36,13.0,6.0
2015-12-30,8.35,13.0,5.0
2015-12-31,9.05,12.0,6.0
2016-01-01,7.95,11.0,3.0
2016-01-02,9.09,11.0,7.0
2016-01-03,7.61,9.0,5.0
2016-01-04,8.08,11.0,6.0
2016-01-05,7.51,10.0,6.0
2016-01-06,6.94,10.0,6.0
2016-01-07,8.36,12.0,5.0
2016-01-08,7.69,10.0,5.0
2016-01-09,8.95,12.0,6.0
2016-01-10,7.96,10.0,6.0
2016-01-11,8.49,10.0,6.0
2016-01-12,7.0,9.0,5.0
2016-01-13,5.24,8.0,2.0
2016-01-14,4.8,8.0,2.0
2016-01-15,3.2,6.0,1.0
2016-01-16,2.32,6.0,0.0
2016-01-17,2.33,6.0,-1.0
2016-01-18,1.4,3.0,-1.0
2016-01-19,2.44,4.0,1.0
2016-01-20,2.24,6.0,1.0
2016-01-21,1.75,6.0,-1.0
2016-01-22,5.13,9.0,0.0
2016-01-23,7.43,11.0,4.0
2016-01-24,7.25,13.0,3.0
2016-01-25,8.51,14.0,4.0
2016-01-26,9.15,13.0,6.0
2016-01-27,9.93,13.0,9.0
2016-01-28,8.9,11.0,5.0
2016-01-29,8.56,11.0,4.0
2016-01-30,8.68,11.0,6.0
2016-01-31,11.08,13.0,8.0
2016-02-01,11.88,13.0,10.0
2016-02-02,10.45,12.0,7.0
2016-02-03,7.32,9.0,4.0
2016-02-04,7.18,11.0,3.0
2016-02-05,8.71,12.0,6.0
2016-02-06,10.68,14.0,6.0
2016-02-07,8.26,12.0,5.0
2016-02-08,9.66,12.0,6.0
2016-02-09,8.54,12.0,4.0
2016-02-10,5.0,8.0,2.0
2016-02-11,4.85,9.0,1.0
2016-02-12,6.07,10.0,2.0
2016-02-13,8.53,11.0,5.0
2016-02-14,7.09,10.0,4.0
2016-02-15,4.25,7.0,2.0
2016-02-16,2.63,7.0,-1.0
2016-02-17,2.19,5.0,-2.0
2016-02-18,3.79,8.0,0.0
2016-02-19,5.18,10.0,0.0
2016-02-20,8.53,12.0,4.0
2016-02-21,10.25,13.0,9.0
2016-02-22,9.89,12.0,7.0
2016-02-23,8.21,11.0,5.0
2016-02-24,6.57,8.0,4.0
2016-02-25,5.51,9.0,2.0
2016-02-26,4.37,8.0,1.0
2016-02-27,5.37,8.0,1.0
2016-02-28,5.06,8.0,2.0
2016-02-29,4.31,8.0,2.0
2016-03-01,6.9,10.0,1.0
2016-03-02,8.07,10.0,4.0
2016-03-03,6.43,10.0,4.0
2016-03-04,6.95,9.0,3.0
2016-03-05,5.33,8.0,2.0
2016-03-06,4.21,8.0,1.0
2016-03-07,3.89,8.0,1.0
2016-03-08,4.92,9.0,0.0
2016-03-09,5.6,9.0,4.0
2016-03-10,6.4,10.0,3.0
2016-03-11,6.36,11.0,3.0
2016-03-12,6.11,11.0,1.0
2016-03-13,6.63,11.0,1.0
2016-03-14,6.61,12.0,2.0
2016-03-15,7.54,13.0,1.0
2016-03-16,6.02,9.0,3.0
2016-03-17,5.88,12.0,2.0
2016-03-18,6.52,14.0,1.0
2016-03-19,7.13,13.0,3.0
2016-03-20,7.34,11.0,4.0
2016-03-21,8.07,12.0,3.0
2016-03-22,7.9,13.0,3.0
2016-03-23,8.23,12.0,4.0
2016-03-24,8.38,12.0,3.0
2016-03-25,9.05,13.0,6.0
2016-03-26,11.47,17.0,6.0
2016-03-27,9.7,13.0,6.0
2016-03-28,10.42,15.0,6.0
2016-03-29,10.6,14.0,6.0
2016-03-30,11.14,16.0,8.0
2016-03-31,9.9,13.0,6.0
2016-04-01,7.85,12.0,4.0
2016-04-02,10.18,14.0,3.0
2016-04-03,12.54,18.0,9.0
2016-04-04,11.69,16.0,9.0
2016-04-05,10.93,14.0,8.0
2016-04-06,10.65,15.0,6.0
2016-04-07,9.05,12.0,5.0
2016-04-08,8.16,12.0,4.0
2016-04-09,8.54,13.0,4.0
2016-04-10,11.84,18.0,4.0
2016-04-11,11.65,17.0,7.0
2016-04-12,11.78,18.0,6.0
2016-04-13,11.14,17.0,7.0
2016-04-14,11.99,17.0,6.0
2016-04-15,12.72,16.0,9.0
2016-04-16,11.98,15.0,9.0
2016-04-17,9.52,12.0,5.0
2016-04-18,8.75,14.0,2.0
2016-04-19,11.72,18.0,3.0
2016-04-20,13.59,19.0,7.0
2016-04-21,13.91,19.0,10.0
2016-04-22,13.07,17.0,10.0
2016-04-23,10.78,13.0,7.0
2016-04-24,7.74,11.0,3.0
2016-04-25,8.6,11.0,2.0
2016-04-26,8.58,11.0,4.0
2016-04-27,7.6,12.0,2.0
2016-04-28,8.67,13.0,1.0
2016-04-29,9.64,14.0,4.0
2016-04-30,8.36,12.0,5.0
2016-05-01,9.05,14.0,3.0
2016-05-02,12.4,18.0,5.0
2016-05-03,11.82,16.0,6.0
2016-05-04,13.12,19.0,4.0
2016-05-05,15.1,22.0,6.0
2016-05-06,16.53,23.0,9.0
2016-05-07,16.77,23.0,12.0
2016-05-08,17.29,23.0,12.0
2016-05-09,16.31,20.0,14.0
2016-05-10,16.0,21.0,13.0
2016-05-11,14.38,18.0,11.0
2016-05-12,14.04,17.0,12.0
2016-05-13,13.94,18.0,12.0
2016-05-14,12.61,15.0,9.0
2016-05-15,11.81,16.0,6.0
2016-05-16,12.72,17.0,6.0
2016-05-17,13.92,19.0,7.0
2016-05-18,13.57,18.0,9.0
2016-05-19,12.93,17.0,9.0
2016-05-20,15.27,20.0,11.0
2016-05-21,17.87,25.0,11.0
2016-05-22,14.71,18.0,10.0
2016-05-23,12.19,16.0,9.0
2016-05-24,13.68,18.0,7.0
2016-05-25,14.82,20.0,9.0
2016-05-26,16.98,22.0,10.0
2016-05-27,18.37,24.0,13.0
2016-05-28,17.14,23.0,13.0
2016-05-29,15.61,19.0,14.0
2016-05-30,14.97,17.0,13.0
2016-05-31,14.45,17.0,12.0
2016-06-01,14.78,17.0,13.0
2016-06-02,14.83,17.0,13.0
2016-06-03,15.21,18.0,12.0
2016-06-04,16.01,19.0,13.0
2016-06-05,17.33,22.0,14.0
2016-06-06,19.03,25.0,13.0
2016-06-07,19.51,26.0,15.0
2016-06-08,19.62,25.0,14.0
2016-06-09,19.65,25.0,13.0
2016-06-10,18.63,23.0,14.0
2016-06-11,17.51,21.0,15.0
2016-06-12,17.28,20.0,14.0
2016-06-13,16.77,19.0,14.0
2016-06-14,15.79,19.0,13.0
2016-06-15,15.43,20.0,12.0
2016-06-16,15.19,19.0,12.0
2016-06-17,15.29,20.0,12.0
2016-06-18,15.55,19.0,12.0
2016-06-19,16.25,20.0,12.0
2016-06-20,17.49,21.0,13.0
2016-06-21,19.63,23.0,15.0
2016-06-22,23.28,29.0,16.0
2016-06-23,23.46,31.0,18.0
2016-06-24,20.85,25.0,17.0
2016-06-25,18.58,22.0,14.0
2016-06-26,17.76,21.0,12.0
2016-06-27,18.26,22.0,13.0
2016-06-28,18.95,23.0,14.0
2016-06-29,18.92,23.0,15.0
2016-06-30,19.47,23.0,16.0
2016-07-01,20.02,24.0,15.0
2016-07-02,18.12,21.0,13.0
2016-07-03,18.05,21.0,12.0
2016-07-04,19.62,24.0,14.0
2016-07-05,19.82,24.0,14.0
2016-07-06,19.79,25.0,13.0
2016-07-07,21.42,28.0,12.0
2016-07-08,22.04,29.0,14.0
2016-07-09,22.14,29.0,16.0
2016-07-10,23.16,30.0,16.0
2016-07-11,20.43,23.0,17.0
2016-07-12,18.08,22.0,14.0
2016-07-13,16.18,20.0,12.0
2016-07-14,15.5,20.0,11.0
2016-07-15,18.02,23.0,9.0
2016-07-16,20.41,26.0,12.0
2016-07-17,22.7,29.0,14.0
2016-07-18,24.76,32.0,16.0
2016-07-19,25.84,34.0,17.5
2016-07-20,23.54,30.0,17.0
2016-07-21,21.36,26.0,18.0
2016-07-22,20.5,26.0,17.0
2016-07-23,20.47,26.0,16.0
2016-07-24,21.58,27.0,15.0
2016-07-25,22.17,28.0,16.0
2016-07-26,21.19,27.0,15.0
2016-07-27,20.68,25.0,15.0
2016-07-28,20.54,25.0,16.0
2016-07-29,21.16,26.0,16.0
2016-07-30,20.9,27.0,16.0
2016-07-31,19.81,24.0,16.0
2016-08-01,19.77,25.0,13.0
2016-08-02,20.32,25.0,16.0
2016-08-03,21.48,28.0,16.0
2016-08-04,18.78,22.0,15.0
2016-08-05,18.47,23.0,13.0
2016-08-06,19.75,25.0,12.0
2016-08-07,21.52,29.0,13.0
2016-08-08,20.73,25.0,15.0
2016-08-09,18.39,23.0,13.0
2016-08-10,16.65,21.0,10.0
2016-08-11,17.53,23.0,10.0
2016-08-12,19.58,27.0,12.0
2016-08-13,21.54,29.0,13.0
2016-08-14,22.08,30.0,14.0
2016-08-15,22.63,30.0,15.0
2016-08-16,22.68,31.0,16.0
2016-08-17,21.71,29.0,16.0
2016-08-18,20.1,24.0,16.0
2016-08-19,19.95,24.0,15.0
2016-08-20,18.53,23.0,15.0
2016-08-21,18.03,22.0,13.0
2016-08-22,20.69,28.0,12.0
2016-08-23,23.43,32.0,15.0
2016-08-24,23.44,33.0,16.0
2016-08-25,24.41,34.0,17.0
2016-08-26,23.82,32.0,18.0
2016-08-27,24.05,34.0,17.0
2016-08-28,21.84,27.0,18.0
2016-08-29,19.84,24.0,16.0
2016-08-30,19.65,27.0,13.0
2016-08-31,20.91,29.0,13.0
2016-09-01,20.61,29.0,14.0
2016-09-02,20.81,29.0,13.0
2016-09-03,20.98,29.0,14.0
2016-09-04,20.88,25.0,16.0
2016-09-05,20.43,24.0,16.0
2016-09-06,21.29,27.0,17.0
2016-09-07,21.35,29.0,15.0
2016-09-08,20.49,26.0,14.0
2016-09-09,19.78,26.0,14.0
2016-09-10,20.4,28.0,14.0
2016-09-11,20.79,28.0,15.0
2016-09-12,23.19,31.0,16.0
2016-09-13,22.91,31.0,17.0
2016-09-14,19.61,24.0,16.0
2016-09-15,17.69,21.0,14.0
2016-09-16,16.19,20.0,13.0
2016-09-17,15.16,18.0,12.0
2016-09-18,15.59,20.0,13.0
2016-09-19,16.49,20.0,13.0
2016-09-20,16.04,21.0,12.0
2016-09-21,15.37,22.0,10.0
2016-09-22,15.66,23.0,10.0
2016-09-23,16.07,24.0,11.0
2016-09-24,17.43,25.0,10.0
2016-09-25,16.8,22.0,12.0
2016-09-26,15.36,21.0,11.0
2016-09-27,16.35,23.0,11.0
2016-09-28,16.46,24.0,11.0
2016-09-29,17.2,25.0,11.0
2016-09-30,16.48,21.0,13.0
2016-10-01,15.01,19.0,12.0
2016-10-02,13.46,18.0,9.0
2016-10-03,13.14,19.0,6.0
2016-10-04,14.01,20.0,9.0
2016-10-05,13.63,19.0,9.0
2016-10-06,11.59,16.0,6.0
2016-10-07,11.54,15.0,6.0
2016-10-08,11.72,17.0,8.0
2016-10-09,10.35,16.0,6.0
2016-10-10,9.23,15.0,4.0
2016-10-11,8.9,15.0,4.0
2016-10-12,10.08,14.0,5.0
2016-10-13,10.79,13.0,7.0
2016-10-14,11.78,14.0,9.0
2016-10-15,12.31,18.0,8.0
2016-10-16,14.03,20.0,9.0
2016-10-17,13.59,18.0,10.0
2016-10-18,12.21,17.0,8.0
2016-10-19,10.92,14.0,8.0
2016-10-20,10.44,14.0,7.0
2016-10-21,9.36,14.0,6.0
2016-10-22,8.91,15.0,4.0
2016-10-23,11.84,14.0,7.0
2016-10-24,14.28,17.0,11.0
2016-10-25,13.68,16.0,11.0
2016-10-26,12.61,15.0,9.0
2016-10-27,10.79,15.0,8.0
2016-10-28,9.97,15.0,6.0
2016-10-29,10.07,15.0,7.0
2016-10-30,10.34,17.0,6.0
2016-10-31,10.44,19.0,6.0
2016-11-01,10.3,17.0,5.0
2016-11-02,10.19,13.0,5.0
2016-11-03,7.11,12.0,2.0
2016-11-04,9.74,13.0,3.0
2016-11-05,10.35,12.0,6.0
2016-11-06,6.44,9.0,3.0
2016-11-07,4.88,9.0,1.0
2016-11-08,5.66,8.0,2.0
2016-11-09,7.74,11.0,5.0
2016-11-10,9.7,12.0,8.0
2016-11-11,8.54,11.0,4.0
2016-11-12,7.12,10.0,2.0
2016-11-13,8.9,12.0,6.0
2016-11-14,7.52,11.0,5.0
2016-11-15,8.62,12.0,5.0
2016-11-16,10.09,13.0,8.0
2016-11-17,10.73,14.0,9.0
2016-11-18,10.12,13.0,7.0
2016-11-19,8.68,11.0,4.0
2016-11-20,12.23,15.0,8.0
2016-11-21,12.96,16.0,10.0
2016-11-22,10.41,12.0,8.0
2016-11-23,10.9,13.0,7.0
2016-11-24,10.7,13.0,9.0
2016-11-25,8.96,11.0,7.0
2016-11-26,8.09,11.0,6.0
2016-11-27,7.29,10.0,4.0
2016-11-28,5.66,8.0,2.0
2016-11-29,3.07,6.0,-1.0
2016-11-30,2.48,10.0,-2.0
2016-12-01,1.93,10.0,-2.0
2016-12-02,2.84,7.5,-1.0
2016-12-03,4.31,8.0,0.0
2016-12-04,4.34,8.0,0.0
2016-12-05,5.95,13.0,2.0
2016-12-06,5.02,13.0,1.0
2016-12-07,4.61,13.0,1.0
2016-12-08,5.24,13.0,1.0
2016-12-09,5.16,12.0,1.0
2016-12-10,4.94,12.0,1.0
2016-12-11,6.48,11.0,1.0
2016-12-12,6.34,9.0,3.0
2016-12-13,6.08,12.0,2.0
2016-12-14,5.68,12.0,2.0
2016-12-15,6.16,10.0,2.0
2016-12-16,7.02,13.0,4.0
2016-12-17,4.36,10.0,0.0
2016-12-18,2.91,6.0,1.0
2016-12-19,3.83,5.5,1.0
2016-12-20,4.03,6.0,2.0
2016-12-21,5.19,8.0,1.0
2016-12-22,6.13,9.0,2.0
2016-12-23,6.74,9.0,3.0
2016-12-24,8.73,11.0,5.0
2016-12-25,9.45,11.0,7.0
2016-12-26,8.82,11.0,4.0
2016-12-27,4.31,8.0,0.0
2016-12-28,2.16,8.0,-1.0
2016-12-29,1.43,7.0,-3.0
2016-12-30,0.45,4.0,-3.0
2016-12-31,-0.51,1.0,-3.0
2017-01-01,0.79,4.0,-3.0
2017-01-02,2.32,5.0,0.0
2017-01-03,1.02,4.0,-1.0
2017-01-04,1.93,5.0,-2.0
2017-01-05,2.36,6.0,-1.0
2017-01-06,-1.23,4.0,-4.0
2017-01-07,-0.27,5.0,-5.0
2017-01-08,3.8,7.0,0.0
2017-01-09,4.75,8.0,2.0
2017-01-10,5.49,8.0,3.0
2017-01-11,6.6,11.0,4.0
2017-01-12,7.53,10.0,4.0
2017-01-13,4.34,8.0,1.0
2017-01-14,3.31,6.0,0.0
2017-01-15,3.23,6.0,1.0
2017-01-16,3.47,6.0,0.0
2017-01-17,-0.69,2.0,-3.0
2017-01-18,-1.88,1.0,-4.0
2017-01-19,-2.29,2.0,-5.0
2017-01-20,-1.82,3.0,-6.0
2017-01-21,-0.77,6.0,-6.0
2017-01-22,0.11,6.0,-5.0
2017-01-23,0.15,7.0,-3.0
2017-01-24,-0.21,5.0,-4.0
2017-01-25,-1.02,1.0,-4.0
2017-01-26,0.29,5.0,-5.0
2017-01-27,5.92,10.0,0.0
2017-01-28,6.54,10.0,3.0
2017-01-29,6.14,11.0,2.0
2017-01-30,8.85,11.0,6.0
2017-01-31,9.62,13.0,8.0
2017-02-01,9.47,13.0,8.0
2017-02-02,10.51,14.0,7.0
2017-02-03,8.14,11.0,6.0
2017-02-04,7.6,10.0,5.0
2017-02-05,7.03,10.0,5.0
2017-02-06,6.42,9.0,4.0
2017-02-07,7.2,11.0,4.0
2017-02-08,5.62,8.0,3.0
2017-02-09,3.66,6.0,0.0
2017-02-10,3.29,6.0,0.0
2017-02-11,3.69,5.0,0.0
2017-02-12,6.29,11.0,1.0
2017-02-13,9.19,14.0,7.0
2017-02-14,9.18,14.0,7.0
2017-02-15,9.37,16.0,6.0
2017-02-16,7.93,15.0,4.0
2017-02-17,7.23,14.0,3.0
2017-02-18,6.01,14.0,1.0
2017-02-19,6.62,13.0,0.0
2017-02-20,9.04,12.0,6.0
2017-02-21,10.28,12.0,8.0
2017-02-22,9.81,12.0,8.0
2017-02-23,9.57,13.0,6.0
2017-02-24,7.24,11.0,3.0
2017-02-25,5.92,12.0,-1.0
2017-02-26,8.75,13.0,2.0
2017-02-27,9.76,13.0,4.0
2017-02-28,7.27,10.0,4.0
2017-03-01,8.32,11.0,6.0
2017-03-02,9.12,12.0,5.0
2017-03-03,10.8,15.0,6.0
2017-03-04,8.23,12.0,6.0
2017-03-05,7.68,11.0,4.0
2017-03-06,8.37,11.0,6.0
2017-03-07,7.48,10.0,5.0
2017-03-08,10.35,13.0,6.0
2017-03-09,11.58,15.0,9.0
2017-03-10,10.6,17.0,6.0
2017-03-11,10.79,19.0,4.0
2017-03-12,10.37,15.0,7.0
2017-03-13,9.98,15.0,6.0
2017-03-14,9.68,15.0,4.0
2017-03-15,9.98,16.0,6.0
2017-03-16,10.56,20.0,4.0
2017-03-17,10.05,14.0,6.0
2017-03-18,10.68,13.0,7.0
2017-03-19,11.54,14.0,10.0
2017-03-20,11.12,13.0,9.0
2017-03-21,9.7,11.0,5.0
2017-03-22,7.91,12.0,4.0
2017-03-23,8.36,13.0,4.0
2017-03-24,9.47,13.0,5.0
2017-03-25,10.37,17.0,7.0
2017-03-26,10.57,17.0,5.0
2017-03-27,11.61,19.0,5.0
2017-03-28,11.94,18.0,6.0
2017-03-29,13.16,21.0,6.0
2017-03-30,14.98,23.0,7.0
2017-03-31,13.63,18.0,10.0
2017-04-01,10.38,14.0,8.0
2017-04-02,10.46,16.0,7.0
2017-04-03,12.12,19.0,5.0
2017-04-04,12.05,17.0,7.0
2017-04-05,11.22,16.0,7.0
2017-04-06,10.08,15.0,5.0
2017-04-07,11.53,18.0,3.0
2017-04-08,13.96,22.0,6.0
2017-04-09,14.88,24.0,7.0
2017-04-10,13.24,19.0,7.0
2017-04-11,11.44,17.0,5.0
2017-04-12,12.05,19.0,4.0
2017-04-13,12.66,18.0,6.0
2017-04-14,12.31,17.0,7.0
2017-04-15,11.86,15.0,8.0
2017-04-16,11.45,15.0,7.0
2017-04-17,11.47,15.0,5.0
2017-04-18,9.37,14.0,4.0
2017-04-19,7.78,13.0,2.0
2017-04-20,7.91,13.0,0.0
2017-04-21,10.63,18.0,1.0
2017-04-22,12.35,19.0,4.0
2017-04-23,11.91,18.0,5.0
2017-04-24,12.64,19.0,3.0
2017-04-25,9.76,12.0,5.0
2017-04-26,6.88,11.0,2.0
2017-04-27,6.7,12.0,1.0
2017-04-28,8.56,13.0,2.0
2017-04-29,11.54,17.0,2.0
2017-04-30,11.48,18.0,6.0
2017-05-01,9.87,15.0,6.0
2017-05-02,11.02,16.0,7.0
2017-05-03,10.98,16.0,7.0
2017-05-04,11.74,16.0,7.0
2017-05-05,13.84,20.0,8.0
2017-05-06,12.86,16.0,11.0
2017-05-07,12.76,16.0,9.0
2017-05-08,11.84,16.0,7.0
2017-05-09,12.25,17.0,6.0
2017-05-10,14.59,21.0,7.0
2017-05-11,14.44,19.0,12.0
2017-05-12,15.2,20.0,11.0
2017-05-13,15.01,20.0,11.0
2017-05-14,15.74,21.0,10.0
2017-05-15,18.4,24.0,10.0
2017-05-16,20.01,27.0,13.0
2017-05-17,19.23,28.0,13.0
2017-05-18,15.57,20.0,10.0
2017-05-19,11.99,16.0,8.0
2017-05-20,13.31,18.0,7.0
2017-05-21,16.52,22.0,7.0
2017-05-22,18.09,25.0,11.0
2017-05-23,18.15,23.0,12.0
2017-05-24,19.41,25.0,13.0
2017-05-25,21.22,27.0,14.0
2017-05-26,21.79,28.0,15.0
2017-05-27,21.96,29.0,15.0
2017-05-28,22.56,30.0,16.0
2017-05-29,21.15,27.0,16.0
2017-05-30,19.07,23.0,15.0
2017-05-31,18.75,24.0,14.0
2017-06-01,20.55,27.0,14.0
2017-06-02,20.47,27.0,15.0
2017-06-03,17.49,20.0,14.0
2017-06-04,16.12,20.0,11.0
2017-06-05,17.31,22.0,11.0
2017-06-06,15.35,18.0,11.0
2017-06-07,15.55,20.0,10.0
2017-06-08,19.35,27.0,11.0
2017-06-09,18.38,23.0,14.0
2017-06-10,21.36,27.0,13.0
2017-06-11,22.24,30.0,14.0
2017-06-12,19.98,24.0,15.0
2017-06-13,20.81,26.0,12.0
2017-06-14,22.51,29.0,16.0
2017-06-15,22.22,29.0,16.0
2017-06-16,20.32,25.0,14.0
2017-06-17,22.02,27.0,13.0
2017-06-18,24.29,30.0,15.0
2017-06-19,25.69,33.0,18.0
2017-06-20,26.2,33.0,18.0
2017-06-21,26.09,34.0,19.0
2017-06-22,24.66,34.0,18.0
2017-06-23,21.72,26.0,18.0
2017-06-24,21.23,26.0,15.0
2017-06-25,21.26,27.0,16.0
2017-06-26,21.4,27.0,15.0
2017-06-27,20.42,26.0,17.0
2017-06-28,17.79,24.0,15.0
2017-06-29,16.37,21.0,14.0
2017-06-30,15.74,19.0,13.0
2017-07-01,16.05,19.0,13.0
2017-07-02,17.24,21.0,13.0
2017-07-03,19.15,25.0,14.0
2017-07-04,22.09,29.0,13.0
2017-07-05,24.19,32.0,15.0
2017-07-06,24.07,32.0,17.0
2017-07-07,24.76,32.0,18.0
2017-07-08,23.65,30.0,18.0
2017-07-09,21.44,28.0,18.0
2017-07-10,19.63,23.0,17.0
2017-07-11,20.01,24.0,16.0
2017-07-12,20.53,23.0,16.0
2017-07-13,20.37,24.0,16.0
2017-07-14,20.05,24.0,15.0
2017-07-15,20.48,25.0,12.0
2017-07-16,22.49,29.0,15.0
2017-07-17,23.99,31.0,16.0
2017-07-18,25.12,32.0,18.0
2017-07-19,23.25,28.0,19.0
2017-07-20,20.14,23.0,16.0
2017-07-21,19.78,25.0,13.0
2017-07-22,19.2,24.0,15.0
2017-07-23,18.92,22.0,14.5
2017-07-24,18.25,21.0,14.0
2017-07-25,18.18,22.0,14.0
2017-07-26,19.27,23.0,14.0
2017-07-27,19.95,23.0,16.0
2017-07-28,20.48,24.0,15.0
2017-07-29,22.32,28.0,16.0
2017-07-30,21.51,26.0,18.0
2017-07-31,21.13,25.0,17.0
2017-08-01,20.96,26.0,16.0
2017-08-02,23.15,30.0,16.0
2017-08-03,22.77,27.0,18.0
2017-08-04,22.48,27.0,17.0
2017-08-05,21.1,24.0,16.0
2017-08-06,19.31,24.0,12.0
2017-08-07,20.55,27.0,11.0
2017-08-08,17.81,21.0,14.0
2017-08-09,16.43,20.0,12.0
2017-08-10,15.85,20.0,12.0
2017-08-11,16.24,21.0,12.0
2017-08-12,18.07,21.0,13.0
2017-08-13,18.75,24.0,14.0
2017-08-14,21.79,28.0,13.0
2017-08-15,20.75,26.0,17.0
2017-08-16,20.43,25.0,15.0
2017-08-17,21.47,26.0,16.0
2017-08-18,19.97,23.0,15.0
2017-08-19,17.7,22.0,12.0
2017-08-20,17.98,23.0,10.0
2017-08-21,20.43,27.0,14.0
2017-08-22,21.99,30.0,15.0
2017-08-23,21.01,27.0,16.0
2017-08-24,20.84,26.0,16.0
2017-08-25,21.3,27.0,17.0
2017-08-26,22.24,30.0,16.0
2017-08-27,22.86,31.0,17.0
2017-08-28,23.59,32.0,18.0
2017-08-29,23.5,31.0,18.0
2017-08-30,20.37,25.0,16.0
2017-08-31,16.52,21.0,12.0
2017-09-01,15.53,21.0,11.0
2017-09-02,14.99,21.0,10.0
2017-09-03,16.07,21.0,9.0
2017-09-04,18.9,24.0,14.0
2017-09-05,19.76,24.0,15.0
2017-09-06,17.97,21.0,14.0
2017-09-07,16.62,20.0,12.0
2017-09-08,16.6,20.0,13.0
2017-09-09,14.83,18.0,12.0
2017-09-10,15.13,19.0,11.0
2017-09-11,15.58,19.0,12.0
2017-09-12,15.31,19.0,11.0
2017-09-13,17.29,21.0,12.0
2017-09-14,14.61,18.0,10.0
2017-09-15,12.07,17.0,8.0
2017-09-16,11.67,16.0,7.0
2017-09-17,12.03,16.0,8.0
2017-09-18,12.19,17.0,8.0
2017-09-19,12.14,17.0,9.0
2017-09-20,12.53,19.0,7.0
2017-09-21,13.75,21.0,7.0
2017-09-22,14.41,21.0,8.0
2017-09-23,15.18,22.0,8.5
2017-09-24,16.33,23.5,11.0
2017-09-25,15.81,20.0,13.0
2017-09-26,15.15,20.0,12.0
2017-09-27,15.76,22.0,10.0
2017-09-28,17.09,23.0,12.0
2017-09-29,17.38,25.0,13.0
2017-09-30,14.92,18.0,11.0
2017-10-01,15.16,18.0,12.0
2017-10-02,17.03,20.0,14.0
2017-10-03,15.81,18.0,9.0
2017-10-04,12.79,19.0,7.0
2017-10-05,14.26,20.0,8.0
2017-10-06,12.36,16.0,7.0
2017-10-07,11.88,17.0,5.0
2017-10-08,13.59,16.0,10.0
2017-10-09,13.78,18.0,10.0
2017-10-10,13.73,18.0,11.0
2017-10-11,14.99,21.0,10.0
2017-10-12,15.23,21.0,12.0
2017-10-13,14.84,22.0,10.0
2017-10-14,14.95,23.0,10.0
2017-10-15,16.93,24.0,11.0
2017-10-16,16.65,25.0,12.0
2017-10-17,15.04,23.0,10.0
2017-10-18,15.59,21.0,12.0
2017-10-19,15.8,21.0,12.0
2017-10-20,15.09,18.0,11.0
2017-10-21,14.59,18.0,10.0
2017-10-22,11.73,14.0,9.0
2017-10-23,12.65,15.0,10.0
2017-10-24,14.27,18.0,12.0
2017-10-25,13.7,20.0,10.0
2017-10-26,13.26,21.0,9.0
2017-10-27,13.58,16.0,8.0
2017-10-28,10.78,15.0,5.0
2017-10-29,11.92,15.0,7.0
2017-10-30,9.1,13.0,5.0
2017-10-31,6.66,13.0,2.0
2017-11-01,9.16,16.0,3.0
2017-11-02,11.52,17.0,7.0
2017-11-03,11.97,18.0,8.0
2017-11-04,13.15,17.0,9.0
2017-11-05,9.22,12.0,5.0
2017-11-06,6.03,11.0,2.0
2017-11-07,5.71,10.0,1.0
2017-11-08,6.61,10.0,4.0
2017-11-09,7.41,11.0,5.0
2017-11-10,9.32,13.0,6.0
2017-11-11,11.3,13.0,8.0
2017-11-12,10.86,13.0,6.0
2017-11-13,6.18,9.0,3.0
2017-11-14,5.14,11.0,1.0
2017-11-15,4.98,11.0,1.0
2017-11-16,4.98,11.0,1.0
2017-11-17,6.5,12.0,2.0
2017-11-18,6.12,10.0,3.0
2017-11-19,6.59,10.0,2.0
2017-11-20,7.1,11.0,3.0
2017-11-21,7.96,14.0,4.0
2017-11-22,10.8,16.0,4.0
2017-11-23,12.71,17.0,10.0
2017-11-24,11.08,14.0,8.0
2017-11-25,7.98,10.0,3.0
2017-11-26,4.29,8.0,1.0
2017-11-27,5.81,10.0,2.0
2017-11-28,5.89,9.0,2.0
2017-11-29,3.91,7.0,1.0
2017-11-30,3.25,6.0,0.0
2017-12-01,2.21,5.0,0.0
2017-12-02,1.49,3.0,-1.0
2017-12-03,1.95,4.0,-2.0
2017-12-04,4.8,9.0,1.0
2017-12-05,4.88,8.0,2.0
2017-12-06,3.78,7.0,0.0
2017-12-07,5.8,11.0,1.0
2017-12-08,5.92,8.0,2.0
2017-12-09,3.01,6.0,0.0
2017-12-10,6.9,11.0,1.0
2017-12-11,8.06,11.0,4.0
2017-12-12,4.34,7.0,1.0
2017-12-13,6.7,11.0,2.0
2017-12-14,7.98,10.0,5.0
2017-12-15,6.01,9.0,4.0
2017-12-16,4.19,7.0,1.0
2017-12-17,4.42,8.0,1.0
2017-12-18,6.19,9.0,2.0
2017-12-19,3.33,7.0,1.0
2017-12-20,5.48,9.0,3.0
2017-12-21,7.41,10.0,6.0
2017-12-22,8.23,10.0,8.0
2017-12-23,7.98,10.0,7.0
2017-12-24,6.6,9.0,5.0
2017-12-25,5.49,9.0,3.0
2017-12-26,7.44,10.0,4.0
2017-12-27,6.17,8.0,3.0
2017-12-28,3.09,6.0,0.0
2017-12-29,5.58,10.0,0.0
2017-12-30,11.92,14.0,8.0
2017-12-31,10.82,14.0,7.0
2018-01-01,8.46,10.0,6.0
2018-01-02,8.75,12.0,6.0
2018-01-03,11.09,14.0,8.0
2018-01-04,12.46,14.0,9.0
2018-01-05,9.99,12.0,7.0
2018-01-06,7.81,9.0,6.0
2018-01-07,8.25,8.0,6.0
2018-01-08,7.08,9.0,5.0
2018-01-09,6.82,9.0,4.0
2018-01-10,7.64,11.0,5.0
2018-01-11,6.45,9.0,4.0
2018-01-12,5.26,7.0,2.0
2018-01-13,4.67,7.0,1.0
2018-01-14,4.81,8.0,3.0
2018-01-15,7.56,11.0,4.0
2018-01-16,10.26,12.0,7.0
2018-01-17,7.39,9.0,4.0
2018-01-18,8.78,12.0,5.0
2018-01-19,6.93,9.0,4.0
2018-01-20,8.14,12.0,4.0
2018-01-21,9.59,12.0,8.0
2018-01-22,11.2,13.0,8.0
2018-01-23,10.05,12.0,7.0
2018-01-24,10.44,13.0,8.0
2018-01-25,9.32,11.0,7.0
2018-01-26,6.57,10.0,4.0
2018-01-27,5.65,8.0,2.0
2018-01-28,7.06,10.0,4.0
2018-01-29,7.9,11.0,7.0
2018-01-30,7.97,11.0,7.0
2018-01-31,7.93,10.0,5.0
2018-02-01,5.32,8.0,2.0
2018-02-02,3.72,7.0,1.0
2018-02-03,4.13,6.0,2.0
2018-02-04,3.51,6.0,0.0
2018-02-05,2.22,4.0,0.0
2018-02-06,2.05,4.0,0.0
2018-02-07,1.11,3.0,-1.0
2018-02-08,0.72,4.0,-2.0
2018-02-09,1.88,6.0,-2.0
2018-02-10,3.47,7.0,-1.0
2018-02-11,5.41,9.0,1.0
2018-02-12,3.04,7.0,-1.0
2018-02-13,2.32,6.0,-1.0
2018-02-14,3.96,7.0,0.0
2018-02-15,8.6,12.0,4.0
2018-02-16,7.44,10.0,4.0
2018-02-17,6.86,11.0,4.0
2018-02-18,5.32,9.0,2.0
2018-02-19,5.74,9.0,2.0
2018-02-20,6.25,9.0,4.0
2018-02-21,3.66,6.0,0.0
2018-02-22,1.66,5.0,-1.0
2018-02-23,1.21,4.0,-2.0
2018-02-24,1.75,6.0,-2.0
2018-02-25,1.15,5.0,-2.0
2018-02-26,-1.68,1.0,-4.0
2018-02-27,-4.08,0.0,-7.0
2018-02-28,-2.45,0.0,-8.0
2018-03-01,2.57,6.0,-2.0
2018-03-02,5.14,10.0,3.0
2018-03-03,6.65,12.0,3.0
2018-03-04,7.4,12.0,4.0
2018-03-05,7.59,13.0,4.0
2018-03-06,6.82,12.0,4.0
2018-03-07,6.52,11.0,3.0
2018-03-08,8.17,14.0,3.0
2018-03-09,11.34,15.0,6.0
2018-03-10,12.46,17.0,10.0
2018-03-11,12.01,17.0,9.0
2018-03-12,10.01,13.0,8.0
2018-03-13,8.42,13.0,5.0
2018-03-14,10.21,15.0,3.0
2018-03-15,9.46,13.0,7.0
2018-03-16,8.38,13.0,5.0
2018-03-17,5.51,10.0,2.0
2018-03-18,3.51,7.0,1.0
2018-03-19,2.84,5.0,-0.5
2018-03-20,3.54,7.0,0.0
2018-03-21,3.79,8.0,0.0
2018-03-22,5.25,8.0,-1.0
2018-03-23,6.67,10.0,3.5
2018-03-24,7.79,13.0,5.0
2018-03-25,8.72,14.0,5.0
2018-03-26,8.58,13.0,5.0
2018-03-27,9.23,13.0,6.0
2018-03-28,10.38,13.0,6.0
2018-03-29,8.23,12.0,4.0
2018-03-30,7.55,12.0,4.0
2018-03-31,7.19,11.0,3.0
2018-04-01,8.45,12.0,4.0
2018-04-02,11.54,15.0,7.0
2018-04-03,12.35,16.0,9.0
2018-04-04,11.43,15.0,8.0
2018-04-05,10.27,14.0,6.0
2018-04-06,12.82,19.0,5.0
2018-04-07,13.87,20.0,10.0
2018-04-08,13.18,18.0,10.0
2018-04-09,11.71,15.0,10.0
2018-04-10,10.81,15.0,8.0
2018-04-11,10.85,15.0,7.0
2018-04-12,10.4,15.0,7.0
2018-04-13,11.33,17.0,7.0
2018-04-14,12.25,17.0,8.0
2018-04-15,12.96,19.0,8.0
2018-04-16,12.41,17.0,8.0
2018-04-17,14.99,22.0,6.0
2018-04-18,17.96,26.0,9.0
2018-04-19,18.24,26.0,10.0
2018-04-20,18.51,27.0,11.0
2018-04-21,18.88,27.0,11.0
2018-04-22,17.74,25.0,11.0
2018-04-23,15.07,20.0,11.0
2018-04-24,15.14,22.0,9.0
2018-04-25,14.15,17.0,10.0
2018-04-26,12.32,16.0,7.0
2018-04-27,13.47,19.0,5.0
2018-04-28,12.36,16.0,8.5
2018-04-29,11.58,14.0,8.0
2018-04-30,9.38,13.0,6.0
2018-05-01,9.38,14.0,4.0
2018-05-02,11.59,16.0,5.0
2018-05-03,12.1,16.0,7.0
2018-05-04,14.1,19.0,7.0
2018-05-05,15.96,23.0,9.0
2018-05-06,18.43,26.0,11.0
2018-05-07,18.98,26.0,12.0
2018-05-08,16.97,24.0,11.0
2018-05-09,15.27,20.0,11.0
2018-05-10,13.6,17.0,8.0
2018-05-11,15.1,22.0,6.0
2018-05-12,13.73,18.0,9.0
2018-05-13,9.89,14.0,7.0
2018-05-14,11.42,15.0,8.0
2018-05-15,13.52,19.0,10.0
2018-05-16,14.14,20.0,10.0
2018-05-17,13.87,19.0,10.0
2018-05-18,14.62,21.0,8.0
2018-05-19,15.25,21.0,8.0
2018-05-20,16.23,23.0,8.0
2018-05-21,17.08,24.0,11.0
2018-05-22,16.71,23.0,11.0
2018-05-23,16.77,23.0,12.0
2018-05-24,17.79,25.0,12.0
2018-05-25,18.59,25.0,13.0
2018-05-26,19.48,27.0,15.0
2018-05-27,19.63,26.0,15.0
2018-05-28,18.38,23.0,15.0
2018-05-29,17.92,23.0,15.0
2018-05-30,18.11,23.0,15.0
2018-05-31,17.85,23.0,15.0
2018-06-01,18.14,22.0,14.0
2018-06-02,19.15,25.0,13.0
2018-06-03,19.26,25.0,15.0
2018-06-04,18.61,24.0,16.0
2018-06-05,17.91,23.0,16.0
2018-06-06,17.58,22.0,15.0
2018-06-07,18.49,24.0,15.0
2018-06-08,20.08,26.0,14.0
2018-06-09,20.13,26.0,16.0
2018-06-10,19.58,25.0,16.0
2018-06-11,18.29,22.0,16.0
2018-06-12,17.21,21.0,14.0
2018-06-13,16.43,20.0,12.0
2018-06-14,17.39,21.0,11.0
2018-06-15,17.86,22.0,14.0
2018-06-16,18.52,23.0,13.0
2018-06-17,18.02,22.0,13.0
2018-06-18,18.66,23.0,14.0
2018-06-19,20.39,26.0,15.0
2018-06-20,22.57,30.0,15.0
2018-06-21,20.43,24.5,15.0
2018-06-22,17.84,22.0,10.0
2018-06-23,18.43,24.0,10.0
2018-06-24,19.48,24.0,12.0
2018-06-25,20.56,26.0,13.0
2018-06-26,22.24,28.0,15.0
2018-06-27,22.68,28.0,15.0
2018-06-28,22.18,28.0,16.0
2018-06-29,22.95,29.0,16.0
2018-06-30,24.54,31.0,17.0
2018-07-01,24.43,31.0,18.0
2018-07-02,23.03,29.0,18.0
2018-07-03,22.75,29.0,18.0
2018-07-04,22.02,29.0,17.0
2018-07-05,20.08,24.0,17.0
2018-07-06,21.09,26.0,16.0
2018-07-07,23.76,30.0,15.0
2018-07-08,24.1,29.0,17.0
2018-07-09,23.49,28.0,17.0
2018-07-10,21.67,26.0,15.0
2018-07-11,20.25,24.0,14.0
2018-07-12,20.97,26.0,13.0
2018-07-13,22.54,29.0,15.0
2018-07-14,23.32,30.0,16.0
2018-07-15,23.03,30.0,17.0
2018-07-16,21.66,28.0,16.0
2018-07-17,21.58,27.0,16.0
2018-07-18,22.32,29.0,15.0
2018-07-19,22.87,30.0,16.0
2018-07-20,20.53,26.0,17.0
2018-07-21,20.08,24.0,16.0
2018-07-22,21.8,27.0,15.0
2018-07-23,23.33,30.0,15.0
2018-07-24,24.03,31.0,17.0
2018-07-25,24.55,32.0,17.0
2018-07-26,25.58,34.0,18.0
2018-07-27,23.93,33.0,18.0
2018-07-28,21.64,26.0,18.0
2018-07-29,22.66,29.0,16.0
2018-07-30,23.46,30.0,17.5
2018-07-31,23.77,29.5,18.0
2018-08-01,23.37,30.0,18.0
2018-08-02,25.32,33.0,17.0
2018-08-03,26.76,35.0,18.0
2018-08-04,26.27,34.0,20.0
2018-08-05,25.35,33.0,19.0
2018-08-06,26.05,34.0,18.0
2018-08-07,24.94,33.0,19.0
2018-08-08,22.23,27.0,18.0
2018-08-09,19.04,22.0,15.0
2018-08-10,19.04,24.0,12.0
2018-08-11,20.16,26.0,13.0
2018-08-12,22.09,30.0,14.0
2018-08-13,20.04,24.0,17.0
2018-08-14,20.02,25.0,16.0
2018-08-15,20.69,27.0,15.0
2018-08-16,21.65,30.0,14.0
2018-08-17,19.51,24.0,15.0
2018-08-18,19.85,26.0,13.0
2018-08-19,21.65,29.0,13.0
2018-08-20,21.98,27.0,16.0
2018-08-21,22.65,30.0,17.0
2018-08-22,22.74,32.0,17.0
2018-08-23,21.54,29.0,17.0
2018-08-24,18.76,22.0,14.0
2018-08-25,16.01,20.0,11.0
2018-08-26,18.08,23.0,9.0
2018-08-27,19.51,25.0,13.0
2018-08-28,20.95,29.0,13.0
2018-08-29,19.48,24.0,15.0
2018-08-30,17.73,21.0,13.0
2018-08-31,17.69,22.0,13.0
2018-09-01,17.79,24.0,11.0
2018-09-02,18.03,25.0,10.0
2018-09-03,18.77,25.0,12.0
2018-09-04,19.05,26.0,14.0
2018-09-05,19.33,26.0,15.0
2018-09-06,18.12,22.0,15.0
2018-09-07,17.31,22.0,12.0
2018-09-08,17.58,26.0,10.0
2018-09-09,19.13,28.0,12.0
2018-09-10,19.18,27.0,14.0
2018-09-11,20.3,30.0,13.0
2018-09-12,20.57,29.0,14.0
2018-09-13,18.6,23.0,16.0
2018-09-14,17.37,23.0,13.0
2018-09-15,16.65,23.0,10.0
2018-09-16,18.31,26.0,10.0
2018-09-17,20.03,29.0,13.0
2018-09-18,20.69,27.0,17.0
2018-09-19,20.17,28.0,16.0
2018-09-20,20.49,28.0,15.0
2018-09-21,18.07,21.0,12.0
2018-09-22,17.19,20.0,10.0
2018-09-23,19.82,22.5,12.0
2018-09-24,13.65,17.0,8.0
2018-09-25,12.78,19.0,6.0
2018-09-26,14.84,23.0,7.0
2018-09-27,16.06,26.0,9.0
2018-09-28,17.24,25.0,10.0
2018-09-29,14.38,20.0,9.0
2018-09-30,14.14,20.0,6.0
2018-10-01,12.37,16.0,9.0
2018-10-02,13.37,17.0,7.0
2018-10-03,14.87,20.0,11.0
2018-10-04,14.22,22.0,9.0
2018-10-05,15.76,25.0,8.0
2018-10-06,15.96,23.0,11.0
2018-10-07,13.53,16.0,11.0
2018-10-08,12.69,18.0,9.0
2018-10-09,15.16,23.0,8.0
2018-10-10,16.46,22.0,12.0
2018-10-11,17.42,24.0,14.0
2018-10-12,18.42,25.0,14.0
2018-10-13,18.48,25.0,15.0
2018-10-14,17.97,24.0,14.0
2018-10-15,16.29,22.0,13.0
2018-10-16,14.78,21.0,11.0
2018-10-17,14.73,22.0,9.0
2018-10-18,14.94,22.0,11.0
2018-10-19,13.62,20.0,10.0
2018-10-20,12.51,19.0,8.0
2018-10-21,12.2,20.0,6.0
2018-10-22,12.77,17.0,8.0
2018-10-23,11.03,17.0,5.0
2018-10-24,12.79,18.0,7.0
2018-10-25,12.27,16.0,8.0
2018-10-26,10.81,14.0,7.0
2018-10-27,7.66,10.0,4.0
2018-10-28,6.35,8.0,4.0
2018-10-29,5.65,6.0,3.0
2018-10-30,6.95,11.0,2.0
2018-10-31,9.63,13.0,4.0
2018-11-01,10.13,13.5,8.0
2018-11-02,8.78,13.0,4.0
2018-11-03,7.44,12.0,3.0
2018-11-04,9.6,14.0,4.0
2018-11-05,12.77,18.0,8.0
2018-11-06,11.86,15.0,9.0
2018-11-07,11.34,14.0,8.0
2018-11-08,10.14,13.0,6.0
2018-11-09,11.4,15.0,8.0
2018-11-10,12.62,15.0,10.0
2018-11-11,13.21,17.0,10.0
2018-11-12,13.18,15.0,10.0
2018-11-13,11.75,15.0,8.0
2018-11-14,10.48,15.0,6.0
2018-11-15,10.59,16.0,8.0
2018-11-16,9.46,12.0,7.0
2018-11-17,7.52,9.0,4.0
2018-11-18,5.4,10.0,2.0
2018-11-19,3.79,6.0,0.0
2018-11-20,3.29,6.0,0.0
2018-11-21,4.02,8.0,0.0
2018-11-22,5.73,10.0,1.0
2018-11-23,6.34,10.0,4.0
2018-11-24,7.11,12.0,4.0
2018-11-25,6.81,9.0,4.0
2018-11-26,6.43,8.0,4.0
2018-11-27,7.05,10.0,3.0
2018-11-28,8.63,13.0,6.0
2018-11-29,10.22,14.0,8.0
2018-11-30,9.29,12.0,7.0
2018-12-01,9.19,13.0,5.0
2018-12-02,12.12,14.0,10.0
2018-12-03,13.09,15.0,11.0
2018-12-04,11.27,13.0,8.0
2018-12-05,10.0,13.0,6.0
2018-12-06,11.88,13.0,10.0
2018-12-07,10.98,13.0,7.0
2018-12-08,9.99,12.0,7.0
2018-12-09,10.45,12.0,8.0
2018-12-10,7.97,11.0,4.0
2018-12-11,4.6,9.0,1.0
2018-12-12,3.24,6.0,0.0
2018-12-13,2.65,4.0,0.0
2018-12-14,2.01,3.0,-2.0
2018-12-15,3.16,6.0,-1.0
2018-12-16,6.5,9.0,4.0
2018-12-17,7.16,11.0,4.0
2018-12-18,7.01,10.0,3.0
2018-12-19,8.38,11.0,6.0
2018-12-20,7.88,11.0,6.0
2018-12-21,10.83,13.0,8.0
2018-12-22,11.63,13.0,9.0
2018-12-23,11.44,14.0,9.0
2018-12-24,9.96,13.0,6.0
2018-12-25,4.96,9.0,2.0
2018-12-26,2.1,7.0,-1.0
2018-12-27,2.19,6.0,-1.0
2018-12-28,3.98,7.0,0.0
2018-12-29,4.27,7.0,1.0
2018-12-30,5.48,9.0,3.0
2018-12-31,6.09,9.0,4.0
2019-01-01,6.33,8.0,5.0
2019-01-02,5.48,8.0,2.0
2019-01-03,2.24,6.0,0.0
2019-01-04,1.78,6.0,-1.0
2019-01-05,3.01,5.0,0.5
2019-01-06,3.81,5.0,3.0
2019-01-07,4.98,7.0,3.0
2019-01-08,6.66,9.0,4.0
2019-01-09,4.68,6.0,2.0
2019-01-10,2.44,5.0,0.0
2019-01-11,3.24,7.0,0.0
2019-01-12,5.98,9.0,4.0
2019-01-13,8.85,11.0,7.0
2019-01-14,8.44,10.0,7.0
2019-01-15,5.8,9.0,2.0
2019-01-16,5.55,10.0,-1.0
2019-01-17,6.43,9.0,1.0
2019-01-18,2.39,5.0,-1.0
2019-01-19,2.85,8.0,-2.0
2019-01-20,3.86,7.0,2.0
2019-01-21,1.77,6.0,-2.0
2019-01-22,2.23,6.0,-2.0
2019-01-23,2.8,5.0,0.0
2019-01-24,2.13,4.0,-1.0
2019-01-25,3.75,7.0,1.0
2019-01-26,6.62,9.0,5.0
2019-01-27,6.85,9.0,3.0
2019-01-28,4.46,7.0,1.0
2019-01-29,3.41,6.0,0.0
2019-01-30,3.24,6.0,1.0
2019-01-31,3.8,8.0,0.0
2019-02-01,5.96,8.0,3.0
2019-02-02,4.38,6.0,2.0
2019-02-03,3.2,6.0,0.0
2019-02-04,3.15,5.0,-2.0
2019-02-05,4.66,9.0,2.0
2019-02-06,6.68,11.0,4.0
2019-02-07,7.37,11.0,4.0
2019-02-08,7.47,11.0,4.0
2019-02-09,8.8,12.0,7.0
2019-02-10,8.54,11.0,5.0
2019-02-11,5.99,9.0,3.0
2019-02-12,4.02,11.0,-1.0
2019-02-13,3.74,11.0,-1.0
2019-02-14,5.65,14.0,0.0
2019-02-15,6.02,16.0,1.0
2019-02-16,7.08,17.0,0.0
2019-02-17,8.02,16.0,3.0
2019-02-18,7.65,15.0,3.0
2019-02-19,6.76,12.0,3.0
2019-02-20,5.93,14.0,1.0
2019-02-21,6.96,16.0,1.0
2019-02-22,9.55,18.0,2.0
2019-02-23,8.99,16.0,4.0
2019-02-24,7.57,16.0,2.0
2019-02-25,8.1,17.0,2.0
2019-02-26,8.93,19.0,2.0
2019-02-27,9.26,21.0,2.0
2019-02-28,10.74,15.0,5.0
2019-03-01,9.91,12.0,8.0
2019-03-02,9.92,13.0,7.0
2019-03-03,11.42,15.0,7.0
2019-03-04,10.02,13.0,6.0
2019-03-05,9.47,13.0,5.0
2019-03-06,11.77,14.0,8.0
2019-03-07,9.65,12.0,7.0
2019-03-08,9.29,13.0,5.0
2019-03-09,11.25,14.0,8.0
2019-03-10,11.88,14.0,7.0
2019-03-11,7.62,11.0,4.0
2019-03-12,7.84,13.0,2.0
2019-03-13,7.61,11.0,5.0
2019-03-14,9.23,11.0,6.0
2019-03-15,11.38,13.0,10.0
2019-03-16,10.89,15.0,8.0
2019-03-17,8.82,12.0,4.0
2019-03-18,7.02,11.0,3.0
2019-03-19,7.16,12.0,3.0
2019-03-20,8.06,14.0,1.0
2019-03-21,8.52,16.0,3.0
2019-03-22,10.79,19.0,2.0
2019-03-23,10.52,19.0,3.0
2019-03-24,10.15,15.0,4.0
2019-03-25,8.62,13.0,4.0
2019-03-26,8.1,13.0,2.0
2019-03-27,8.75,14.0,2.0
2019-03-28,9.2,15.0,3.0
2019-03-29,10.49,18.0,4.0
2019-03-30,11.13,19.0,4.0
2019-03-31,11.75,20.0,4.0
2019-04-01,11.92,19.0,6.0
2019-04-02,11.02,16.0,5.0
2019-04-03,6.42,10.0,3.0
2019-04-04,6.36,11.0,1.0
2019-04-05,8.99,14.0,2.0
2019-04-06,9.29,14.0,4.0
2019-04-07,9.24,14.0,6.0
2019-04-08,10.19,15.0,5.0
2019-04-09,10.16,16.0,5.0
2019-04-10,10.27,15.0,5.0
2019-04-11,9.31,14.0,5.0
2019-04-12,8.39,14.0,2.0
2019-04-13,7.58,12.0,1.0
2019-04-14,7.11,11.0,2.0
2019-04-15,10.82,17.0,2.0
2019-04-16,11.15,15.0,8.0
2019-04-17,13.4,19.0,6.0
2019-04-18,15.17,22.0,9.0
2019-04-19,16.37,24.0,9.0
2019-04-20,16.12,24.0,9.0
2019-04-21,15.0,21.0,10.0
2019-04-22,16.35,23.0,9.0
2019-04-23,14.93,20.0,12.0
2019-04-24,12.99,17.0,10.0
2019-04-25,11.66,16.0,8.0
2019-04-26,11.13,16.0,6.0
2019-04-27,10.97,14.0,7.0
2019-04-28,10.02,13.0,6.0
2019-04-29,11.01,16.0,5.0
2019-04-30,12.42,18.0,6.0
2019-05-01,12.82,19.0,6.0
2019-05-02,11.81,15.0,8.0
2019-05-03,11.46,15.0,8.0
2019-05-04,9.01,13.0,4.0
2019-05-05,7.81,12.0,2.0
2019-05-06,9.57,14.0,2.0
2019-05-07,12.84,17.0,4.0
2019-05-08,12.18,16.0,10.0
2019-05-09,12.5,16.0,9.0
2019-05-10,14.0,18.0,9.0
2019-05-11,13.04,17.0,9.0
2019-05-12,12.13,17.0,6.0
2019-05-13,13.18,18.0,6.0
2019-05-14,13.99,19.0,7.0
2019-05-15,13.42,18.0,7.0
2019-05-16,13.74,18.0,6.0
2019-05-17,12.75,17.0,9.0
2019-05-18,12.8,17.0,10.0
2019-05-19,12.88,17.0,10.0
2019-05-20,13.52,18.0,11.0
2019-05-21,14.56,20.0,9.0
2019-05-22,16.29,21.5,8.0
2019-05-23,16.98,23.0,9.0
2019-05-24,16.21,22.0,11.0
2019-05-25,15.87,21.0,12.0
2019-05-26,16.19,20.0,12.0
2019-05-27,15.59,20.0,13.0
2019-05-28,13.71,17.0,10.0
2019-05-29,14.85,19.0,8.0
2019-05-30,16.8,21.0,12.0
2019-05-31,19.02,25.0,11.0
2019-06-01,21.8,28.0,12.0
2019-06-02,21.66,30.0,14.0
2019-06-03,18.62,24.0,14.0
2019-06-04,19.16,27.0,13.0
2019-06-05,15.81,18.0,11.0
2019-06-06,15.27,20.0,10.0
2019-06-07,15.1,20.0,11.0
2019-06-08,15.87,20.0,10.0
2019-06-09,15.93,20.0,10.0
2019-06-10,14.7,18.0,11.0
2019-06-11,12.78,16.0,10.0
2019-06-12,13.82,18.0,10.0
2019-06-13,16.53,22.0,10.0
2019-06-14,17.09,21.0,12.0
2019-06-15,16.47,21.0,13.0
2019-06-16,18.04,23.0,12.0
2019-06-17,20.5,27.0,11.0
2019-06-18,21.77,29.0,14.0
2019-06-19,20.33,26.0,16.0
2019-06-20,18.03,22.0,14.0
2019-06-21,17.86,22.0,13.0
2019-06-22,19.42,24.0,13.0
2019-06-23,22.16,28.0,15.0
2019-06-24,22.87,30.0,17.0
2019-06-25,24.12,32.0,17.0
2019-06-26,26.31,35.0,18.0
2019-06-27,26.94,35.0,20.0
2019-06-28,25.84,33.0,19.0
2019-06-29,25.62,35.0,18.0
2019-06-30,23.85,30.0,18.0
2019-07-01,21.46,26.0,17.0
2019-07-02,21.57,27.0,15.0
2019-07-03,22.17,28.0,16.0
2019-07-04,23.34,30.0,15.0
2019-07-05,24.91,32.0,16.0
2019-07-06,24.03,32.0,17.0
2019-07-07,22.05,28.0,17.0
2019-07-08,21.71,27.0,15.0
2019-07-09,20.47,26.0,14.0
2019-07-10,21.7,27.0,14.0
2019-07-11,21.72,28.0,16.0
2019-07-12,22.14,27.0,16.0
2019-07-13,21.63,27.0,14.0
2019-07-14,20.69,26.0,14.0
2019-07-15,19.75,25.0,13.0
2019-07-16,21.09,28.0,12.0
2019-07-17,21.87,29.0,13.0
2019-07-18,21.21,27.0,15.0
2019-07-19,22.02,29.0,15.0
2019-07-20,22.74,28.0,17.0
2019-07-21,22.5,29.0,17.0
2019-07-22,25.19,32.0,16.0
2019-07-23,27.96,37.0,18.0
2019-07-24,27.68,37.0,20.0
2019-07-25,28.15,37.0,21.0
2019-07-26,23.59,28.0,19.0
2019-07-27,19.13,23.0,17.0
2019-07-28,18.6,24.0,14.0
2019-07-29,21.32,28.0,13.0
2019-07-30,20.12,24.0,15.0
2019-07-31,19.39,24.0,14.0
2019-08-01,20.46,27.0,13.0
2019-08-02,21.72,28.0,15.0
2019-08-03,22.19,29.0,14.0
2019-08-04,22.93,30.0,15.0
2019-08-05,22.44,28.0,17.0
2019-08-06,21.69,27.0,17.5
2019-08-07,20.66,26.0,17.0
2019-08-08,23.67,30.0,16.0
2019-08-09,23.63,30.5,19.0
2019-08-10,21.38,26.0,17.0
2019-08-11,18.41,22.0,14.0
2019-08-12,17.47,22.0,13.0
2019-08-13,17.3,22.0,11.0
2019-08-14,19.54,25.0,12.0
2019-08-15,19.42,23.0,15.0
2019-08-16,19.75,26.0,12.0
2019-08-17,20.75,24.0,15.5
2019-08-18,20.41,26.0,16.0
2019-08-19,18.26,23.0,14.0
2019-08-20,17.08,22.0,12.0
2019-08-21,18.3,25.0,10.5
2019-08-22,19.59,27.0,11.0
2019-08-23,21.21,29.0,13.0
2019-08-24,22.28,31.0,14.0
2019-08-25,22.44,31.0,15.0
2019-08-26,22.99,32.0,16.0
2019-08-27,22.56,30.0,17.0
2019-08-28,21.6,29.0,17.0
2019-08-29,21.15,28.0,16.0
2019-08-30,21.48,30.0,15.0
2019-08-31,21.6,31.0,16.0
2019-09-01,18.86,23.0,15.0
2019-09-02,17.62,23.0,11.0
2019-09-03,17.89,25.0,10.0
2019-09-04,18.52,26.0,10.0
2019-09-05,16.27,20.0,11.0
2019-09-06,15.73,21.0,8.0
2019-09-07,16.04,21.0,11.0
2019-09-08,14.27,19.0,9.0
2019-09-09,14.46,19.0,7.0
2019-09-10,14.97,21.0,10.0
2019-09-11,17.01,23.0,10.0
2019-09-12,18.61,26.0,13.0
2019-09-13,19.49,28.0,13.0
2019-09-14,19.66,28.0,14.0
2019-09-15,20.08,29.0,13.0
2019-09-16,19.93,28.0,13.0
2019-09-17,19.33,25.0,14.0
2019-09-18,16.86,22.0,12.0
2019-09-19,16.36,22.0,11.0
2019-09-20,18.2,25.0,10.0
2019-09-21,20.07,27.0,15.0
2019-09-22,17.92,22.0,14.0
2019-09-23,16.29,21.0,12.0
2019-09-24,16.81,21.0,14.0
2019-09-25,16.63,19.0,14.0
2019-09-26,17.68,21.0,15.0
2019-09-27,17.06,20.0,14.0
2019-09-28,16.5,20.0,13.0
2019-09-29,17.97,22.0,12.0
2019-09-30,17.25,20.0,12.0
2019-10-01,17.25,21.0,13.0
2019-10-02,14.98,17.0,10.0
2019-10-03,12.27,17.0,7.0
2019-10-04,14.59,18.0,10.0
2019-10-05,15.09,18.0,13.0
2019-10-06,14.83,18.0,11.0
2019-10-07,13.46,17.0,10.0
2019-10-08,15.27,19.0,11.0
2019-10-09,13.81,17.0,11.0
2019-10-10,13.78,18.0,10.0
2019-10-11,15.41,21.0,10.0
2019-10-12,16.95,21.0,13.0
2019-10-13,17.84,24.0,15.0
2019-10-14,17.26,24.0,13.0
2019-10-15,13.93,17.0,11.0
2019-10-16,14.14,18.0,10.0
2019-10-17,14.56,17.0,12.0
2019-10-18,14.34,17.0,11.0
2019-10-19,14.29,16.0,12.0
2019-10-20,14.13,16.0,11.0
2019-10-21,12.27,15.0,9.0
2019-10-22,12.1,15.0,7.0
2019-10-23,13.84,16.0,11.0
2019-10-24,13.76,17.0,11.0
2019-10-25,13.71,18.0,10.0
2019-10-26,14.5,21.0,10.0
2019-10-27,12.83,17.0,8.0
2019-10-28,11.84,13.0,10.0
2019-10-29,11.6,12.0,9.0
2019-10-30,12.09,15.0,10.0
2019-10-31,12.71,15.0,11.0
2019-11-01,14.22,16.0,11.0
2019-11-02,13.99,16.0,11.0
2019-11-03,12.2,14.0,10.0
2019-11-04,11.71,14.0,9.0
2019-11-05,10.02,13.0,8.0
2019-11-06,9.86,12.0,8.0
2019-11-07,8.62,11.0,5.0
2019-11-08,6.65,11.0,4.0
2019-11-09,6.62,10.0,3.0
2019-11-10,6.74,10.0,4.0
2019-11-11,6.86,11.0,4.0
2019-11-12,6.77,11.0,4.0
2019-11-13,6.37,10.0,3.0
2019-11-14,5.27,8.0,3.0
2019-11-15,4.67,7.0,1.0
2019-11-16,5.0,8.0,2.0
2019-11-17,4.89,8.0,2.0
2019-11-18,5.48,9.0,2.0
2019-11-19,5.12,9.0,1.0
2019-11-20,4.23,9.0,0.0
2019-11-21,6.68,11.0,2.0
2019-11-22,9.55,12.0,5.0
2019-11-23,9.82,12.0,7.0
2019-11-24,8.65,11.0,5.0
2019-11-25,9.65,13.0,7.0
2019-11-26,10.95,14.0,9.0
2019-11-27,11.55,13.0,10.0
2019-11-28,10.77,12.0,9.0
2019-11-29,9.54,12.0,6.0
2019-11-30,7.08,9.0,5.0
2019-12-01,6.51,9.0,4.0
2019-12-02,4.9,8.0,1.0
2019-12-03,2.75,7.0,0.0
2019-12-04,2.38,6.0,-1.0
2019-12-05,2.86,8.0,-1.0
2019-12-06,5.57,11.0,0.0
2019-12-07,9.04,12.0,7.0
2019-12-08,10.04,13.0,7.0
2019-12-09,8.91,11.0,5.0
2019-12-10,6.1,9.0,0.0
2019-12-11,5.8,8.0,4.0
2019-12-12,6.53,10.0,3.0
2019-12-13,8.9,12.0,6.0
2019-12-14,10.44,12.0,7.5
2019-12-15,10.11,12.5,7.0
2019-12-16,10.69,13.0,8.0
2019-12-17,11.59,15.0,8.0
2019-12-18,10.69,14.0,6.0
2019-12-19,12.52,15.0,10.0
2019-12-20,10.96,14.0,8.0
2019-12-21,9.28,11.0,7.0
2019-12-22,9.74,11.0,7.0
2019-12-23,8.95,11.0,7.0
2019-12-24,10.79,13.0,7.0
2019-12-25,8.67,11.0,5.0
2019-12-26,7.79,12.0,3.0
2019-12-27,9.11,11.0,7.0
2019-12-28,7.19,10.0,3.0
2019-12-29,2.89,7.0,0.0
2019-12-30,2.47,9.0,-1.0
2019-12-31,2.85,8.0,-1.0
2020-01-01,4.29,8.0,1.0
2020-01-02,6.2,10.0,3.0
2020-01-03,8.17,11.0,5.0
2020-01-04,7.04,9.0,2.0
2020-01-05,4.7,8.0,1.0
2020-01-06,4.2,10.0,-1.0
2020-01-07,7.88,11.0,5.0
2020-01-08,9.11,12.0,7.0
2020-01-09,9.95,13.0,8.0
2020-01-10,8.26,10.0,5.0
2020-01-11,5.59,9.0,2.0
2020-01-12,5.64,10.0,0.0
2020-01-13,6.59,11.0,4.0
2020-01-14,9.31,13.0,8.0
2020-01-15,9.86,13.0,6.0
2020-01-16,9.41,14.0,4.0
2020-01-17,8.81,11.0,5.0
2020-01-18,5.04,9.0,1.0
2020-01-19,3.95,8.0,1.0
2020-01-20,3.58,7.0,0.0
2020-01-21,3.33,7.0,0.0
2020-01-22,3.63,7.0,-1.0
2020-01-23,4.13,6.0,1.0
2020-01-24,4.18,9.0,1.0
2020-01-25,5.19,11.0,1.0
2020-01-26,7.34,11.0,4.0
2020-01-27,7.97,10.0,6.0
2020-01-28,8.02,10.0,5.0
2020-01-29,7.42,11.0,5.0
2020-01-30,9.65,13.0,4.0
2020-01-31,11.26,14.0,10.0
2020-02-01,11.49,14.0,9.0
2020-02-02,12.62,15.0,10.0
2020-02-03,12.55,16.0,8.0
2020-02-04,8.27,13.0,5.0
2020-02-05,6.22,10.0,3.0
2020-02-06,4.11,10.0,0.0
2020-02-07,5.98,12.0,1.0
2020-02-08,7.97,12.0,5.0
2020-02-09,10.96,14.0,6.0
2020-02-10,11.84,14.0,9.0
2020-02-11,8.95,11.0,5.0
2020-02-12,6.64,11.0,3.0
2020-02-13,8.88,12.0,4.0
2020-02-14,9.42,12.0,6.0
2020-02-15,10.07,14.0,4.0
2020-02-16,12.55,16.0,8.0
2020-02-17,9.54,12.0,6.0
2020-02-18,7.71,11.0,4.0
2020-02-19,7.81,11.0,5.0
2020-02-20,8.33,13.0,4.0
2020-02-21,7.05,11.0,2.0
2020-02-22,8.63,14.0,2.0
2020-02-23,10.16,14.0,7.0
2020-02-24,10.18,14.0,8.0
2020-02-25,9.09,12.0,4.0
2020-02-26,6.12,9.0,3.0
2020-02-27,6.69,12.0,3.0
2020-02-28,8.32,12.0,1.0
2020-02-29,9.7,13.0,6.0
2020-03-01,8.34,12.0,5.0
2020-03-02,7.71,10.0,4.0
2020-03-03,5.57,9.0,2.5
2020-03-04,7.72,11.0,3.0
2020-03-05,9.31,12.0,6.0
2020-03-06,6.96,10.0,4.0
2020-03-07,8.23,12.0,3.0
2020-03-08,9.26,13.0,6.0
2020-03-09,8.37,11.0,5.0
2020-03-10,10.74,14.0,7.0
2020-03-11,12.28,16.0,10.0
2020-03-12,11.04,14.0,6.0
2020-03-13,8.77,12.0,3.0
2020-03-14,8.51,13.0,4.0
2020-03-15,10.12,16.0,4.0
2020-03-16,10.19,13.0,6.0
2020-03-17,10.38,16.0,7.0
2020-03-18,10.75,19.0,5.0
2020-03-19,12.26,20.0,5.0
2020-03-20,11.65,19.0,7.0
2020-03-21,9.51,13.0,6.0
2020-03-22,8.74,12.0,6.0
2020-03-23,8.35,14.0,4.0
2020-03-24,7.51,13.0,2.0
2020-03-25,6.67,13.0,0.0
2020-03-26,6.25,11.0,1.0
2020-03-27,7.88,14.0,1.0
2020-03-28,10.04,17.0,3.0
2020-03-29,7.16,10.0,4.0
2020-03-30,5.27,9.0,2.0
2020-03-31,7.2,12.0,2.0
2020-04-01,7.55,14.0,2.0
2020-04-02,8.4,13.0,1.0
2020-04-03,9.86,14.0,3.0
2020-04-04,11.11,18.0,3.0
2020-04-05,13.47,21.0,5.0
2020-04-06,12.62,18.0,8.0
2020-04-07,13.97,21.0,8.0
2020-04-08,14.31,23.0,8.0
2020-04-09,15.54,24.0,7.0
2020-04-10,15.86,24.0,8.0
2020-04-11,15.19,24.0,8.0
2020-04-12,14.85,22.0,8.0
2020-04-13,13.27,19.0,7.0
2020-04-14,10.71,17.0,5.0
2020-04-15,13.46,21.0,4.0
2020-04-16,15.67,22.0,10.0
2020-04-17,15.4,22.0,11.0
2020-04-18,15.13,22.0,11.0
2020-04-19,14.13,17.0,11.0
2020-04-20,14.56,18.0,12.0
2020-04-21,14.04,18.0,11.0
2020-04-22,14.77,21.0,10.0
2020-04-23,15.2,22.0,9.0
2020-04-24,15.6,23.0,10.0
2020-04-25,14.65,21.0,10.0
2020-04-26,14.3,21.0,9.0
2020-04-27,14.49,20.0,9.0
2020-04-28,13.24,17.0,11.0
2020-04-29,12.96,17.0,9.0
2020-04-30,12.21,15.0,9.0
2020-05-01,12.96,16.0,9.0
2020-05-02,13.91,16.0,10.0
2020-05-03,15.34,20.0,12.0
2020-05-04,17.24,23.0,11.0
2020-05-05,15.76,20.0,12.0
2020-05-06,15.81,21.0,10.0
2020-05-07,17.09,23.0,9.0
2020-05-08,18.17,24.0,11.0
2020-05-09,17.56,23.0,13.0
2020-05-10,16.22,21.0,13.0
2020-05-11,11.1,15.0,8.0
2020-05-12,10.54,14.0,6.0
2020-05-13,11.66,15.0,8.0
2020-05-14,12.05,15.0,8.0
2020-05-15,12.96,18.0,8.0
2020-05-16,14.34,20.0,6.0
2020-05-17,14.99,21.0,7.0
2020-05-18,17.36,23.0,8.0
2020-05-19,17.8,24.0,10.0
2020-05-20,20.3,27.0,11.0
2020-05-21,20.96,28.0,13.0
2020-05-22,19.94,26.0,14.0
2020-05-23,15.26,19.0,11.0
2020-05-24,15.65,21.0,9.0
2020-05-25,18.1,23.0,10.0
2020-05-26,19.22,25.0,12.0
2020-05-27,19.74,25.0,12.0
2020-05-28,19.59,25.0,12.0
2020-05-29,19.21,25.0,12.0
2020-05-30,19.38,24.0,11.0
2020-05-31,19.52,25.0,12.0
2020-06-01,15.56,16.0,15.0
