,temp,max_temp,min_temp
2015-01-01,-2.27,0.25,-6.85
2015-01-02,-0.83,0.0,-5.0
2015-01-03,-1.1,4.0,-6.7
2015-01-04,5.84,11.7,0.6
2015-01-05,-4.99,1.1,-12.2
2015-01-06,-9.27,-7.8,-12.2
2015-01-07,-11.33,-8.3,-16.7
2015-01-08,-11.62,-7.8,-17.1
2015-01-09,-6.93,-4.7,-10.3
2015-01-10,-10.26,-7.9,-14.4
2015-01-11,-3.93,0.5,-11.7
2015-01-12,-0.11,1.0,-7.1
2015-01-13,-11.97,-7.9,-18.15
2015-01-14,-10.66,-4.4,-20.6
2015-01-15,-6.71,-1.7,-13.0
2015-01-16,-3.82,-1.0,-13.15
2015-01-17,-8.26,-2.0,-17.0
2015-01-18,1.52,4.7,-3.6
2015-01-19,0.53,2.2,-3.3
2015-01-20,-4.26,-3.15,-10.8
2015-01-21,-5.52,-2.8,-13.9
2015-01-22,-4.79,-1.7,-8.0
2015-01-23,-2.89,0.0,-7.8
2015-01-24,-1.15,1.0,-4.0
2015-01-25,-4.12,1.1,-10.6
2015-01-26,-8.47,-7.0,-11.7
2015-01-27,-9.25,-8.0,-12.9
2015-01-28,-9.92,-4.0,-16.1
2015-01-29,-2.58,0.85,-16.95
2015-01-30,-4.34,-1.1,-12.8
2015-01-31,-10.98,-6.0,-16.1
2015-02-01,-6.27,-2.8,-11.0
2015-02-02,-9.84,-7.4,-14.7
2015-02-03,-10.58,-5.0,-17.2
2015-02-04,-2.23,0.6,-8.9
2015-02-05,-7.71,-3.8,-16.1
2015-02-06,-10.27,-5.0,-18.0
2015-02-07,-3.79,-0.8,-8.1
2015-02-08,-4.39,0.0,-7.2
2015-02-09,-7.32,-5.8,-9.7
2015-02-10,-6.02,-5.0,-9.0
2015-02-11,-4.81,-1.1,-12.8
2015-02-12,-4.97,-1.0,-16.1
2015-02-13,-14.94,-11.0,-20.0
2015-02-14,-7.97,-5.5,-16.7
2015-02-15,-14.93,-12.2,-20.0
2015-02-16,-16.4,-13.3,-22.0
2015-02-17,-13.35,-7.8,-19.45
2015-02-18,-7.97,-4.7,-17.8
2015-02-19,-11.73,-8.9,-18.6
2015-02-20,-16.46,-12.0,-21.7
2015-02-21,-5.99,-5.0,-18.85
2015-02-22,-3.8,0.0,-7.9
2015-02-23,-12.94,-6.7,-20.0
2015-02-24,-10.11,-6.1,-22.2
2015-02-25,-6.72,-4.05,-14.0
2015-02-26,-10.69,-8.3,-13.9
2015-02-27,-11.39,-8.9,-18.3
2015-02-28,-11.43,-5.0,-19.2
2015-03-01,-4.61,-2.8,-16.1
2015-03-02,-4.02,-1.85,-8.3
2015-03-03,-4.38,1.0,-14.4
2015-03-04,1.19,3.3,-2.2
2015-03-05,-8.25,-2.5,-14.4
2015-03-06,-9.67,-5.0,-18.65
2015-03-07,-2.73,0.0,-11.05
2015-03-08,-0.25,3.3,-3.3
2015-03-09,1.4,6.1,-3.9
2015-03-10,4.42,8.9,-3.9
2015-03-11,5.06,8.3,2.0
2015-03-12,1.12,3.3,-4.0
2015-03-13,1.84,5.6,-6.7
2015-03-14,3.9,6.1,1.7
2015-03-15,2.02,3.3,-0.6
2015-03-16,3.17,8.3,-3.3
2015-03-17,3.12,6.1,-2.2
2015-03-18,-3.12,0.0,-5.6
2015-03-19,-3.25,1.85,-8.9
2015-03-20,-0.79,1.7,-5.0
2015-03-21,0.28,5.0,-2.8
2015-03-22,-4.09,-2.1,-8.15
2015-03-23,-6.21,-3.3,-10.0
2015-03-24,-3.15,3.6,-10.6
2015-03-25,3.21,7.8,-6.4
2015-03-26,3.81,5.6,1.0
2015-03-27,1.78,2.6,-3.0
2015-03-28,-3.96,-2.2,-8.0
2015-03-29,-0.29,5.0,-9.15
2015-03-30,2.67,6.1,0.5
2015-03-31,1.37,5.0,-2.8
2015-04-01,0.88,7.2,-4.4
2015-04-02,10.61,16.7,-2.2
2015-04-03,10.01,14.4,6.1
2015-04-04,4.06,6.1,0.0
2015-04-05,2.49,3.15,-1.85
2015-04-06,5.49,14.7,-0.85
2015-04-07,5.21,8.3,3.0
2015-04-08,3.55,6.7,1.7
2015-04-09,4.1,6.2,2.1
2015-04-10,7.89,12.8,3.9
2015-04-11,6.29,8.9,2.2
2015-04-12,9.52,17.8,0.8
2015-04-13,14.82,23.3,4.0
2015-04-14,11.19,16.7,5.6
2015-04-15,10.21,16.1,2.8
2015-04-16,12.13,19.2,1.7
2015-04-17,12.09,16.7,9.4
2015-04-18,12.56,21.7,5.8
2015-04-19,11.12,17.0,3.05
2015-04-20,10.89,14.3,6.7
2015-04-21,10.08,13.3,6.7
2015-04-22,7.52,10.6,2.2
2015-04-23,2.79,4.0,0.6
2015-04-24,2.47,5.0,0.6
2015-04-25,5.48,10.6,-2.2
2015-04-26,8.0,11.5,0.6
2015-04-27,8.31,11.05,5.6
2015-04-28,10.68,17.0,5.6
2015-04-29,12.55,20.8,6.7
2015-04-30,12.0,18.3,5.6
2015-05-01,11.48,17.2,6.7
2015-05-02,12.82,20.6,5.6
2015-05-03,15.73,23.0,7.2
2015-05-04,19.18,27.0,10.0
2015-05-05,16.87,21.7,13.0
2015-05-06,15.68,21.6,10.0
2015-05-07,16.56,26.1,8.8
2015-05-08,19.6,30.0,11.6
2015-05-09,19.98,28.3,14.4
2015-05-10,20.01,28.0,16.0
2015-05-11,19.69,27.2,16.7
2015-05-12,18.58,23.3,11.7
2015-05-13,11.37,14.4,6.1
2015-05-14,11.61,18.3,2.4
2015-05-15,15.81,21.7,7.0
2015-05-16,17.33,22.8,13.3
2015-05-17,18.69,26.1,15.6
2015-05-18,18.64,25.4,13.9
2015-05-19,17.08,23.9,11.1
2015-05-20,10.18,13.9,5.6
2015-05-21,11.71,16.1,6.7
2015-05-22,13.04,15.7,5.6
2015-05-23,11.18,17.2,1.0
2015-05-24,18.09,24.4,8.9
2015-05-25,21.1,27.8,14.4
2015-05-26,22.1,27.8,18.3
2015-05-27,21.4,26.7,17.8
2015-05-28,19.03,23.3,15.0
2015-05-29,20.16,26.7,12.2
2015-05-30,21.88,28.3,17.2
2015-05-31,13.77,20.0,10.0
2015-06-01,11.14,12.8,9.0
2015-06-02,10.93,14.6,8.9
2015-06-03,12.32,21.0,7.0
2015-06-04,16.43,21.1,10.0
2015-06-05,17.31,23.3,13.9
2015-06-06,16.14,19.4,9.4
2015-06-07,17.8,24.0,5.6
2015-06-08,19.09,22.8,16.7
2015-06-09,18.24,21.7,15.0
2015-06-10,20.72,26.0,13.3
2015-06-11,21.17,25.6,16.1
2015-06-12,20.73,28.0,15.6
2015-06-13,19.47,25.0,15.0
2015-06-14,21.24,26.8,15.4
2015-06-15,19.76,25.0,17.8
2015-06-16,20.27,24.4,16.7
2015-06-17,20.12,23.3,15.0
2015-06-18,19.76,22.8,15.6
2015-06-19,19.74,22.2,13.3
2015-06-20,18.72,23.3,11.1
2015-06-21,21.35,27.0,18.3
2015-06-22,22.33,27.2,16.7
2015-06-23,22.8,28.1,17.2
2015-06-24,19.6,24.4,14.4
2015-06-25,19.76,25.6,12.8
2015-06-26,18.71,23.9,14.0
2015-06-27,16.22,20.0,13.0
2015-06-28,15.29,17.8,12.8
2015-06-29,17.18,22.2,13.9
2015-06-30,19.0,23.9,15.0
2015-07-01,19.59,23.0,16.7
2015-07-02,18.42,22.2,13.0
2015-07-03,18.37,24.0,10.6
2015-07-04,18.65,23.3,15.0
2015-07-05,19.34,26.1,14.4
2015-07-06,21.87,27.2,15.0
2015-07-07,23.13,29.4,20.6
2015-07-08,20.8,22.8,16.1
2015-07-09,19.25,21.7,15.0
2015-07-10,19.04,26.1,15.0
2015-07-11,21.62,27.8,14.4
2015-07-12,22.54,28.0,16.0
2015-07-13,23.22,28.9,17.8
2015-07-14,22.1,26.1,19.4
2015-07-15,18.97,21.7,13.3
2015-07-16,17.22,23.9,10.0
2015-07-17,20.43,25.0,12.2
2015-07-18,22.99,28.65,21.0
2015-07-19,25.05,30.85,21.1
2015-07-20,24.56,28.9,20.0
2015-07-21,22.35,26.1,17.8
2015-07-22,20.15,24.4,15.6
2015-07-23,19.91,25.0,13.3
2015-07-24,20.4,26.7,13.05
2015-07-25,21.56,27.0,14.7
2015-07-26,22.28,28.15,19.15
2015-07-27,22.14,29.0,17.2
2015-07-28,23.61,31.1,18.3
2015-07-29,25.25,32.2,18.3
2015-07-30,24.04,28.6,21.1
2015-07-31,22.97,28.9,17.35
2015-08-01,22.02,26.4,16.8
2015-08-02,23.51,28.3,16.05
2015-08-03,23.37,27.45,17.8
2015-08-04,21.19,26.1,16.95
2015-08-05,20.69,23.95,15.6
2015-08-06,19.08,24.4,12.5
2015-08-07,19.11,25.6,12.4
2015-08-08,19.19,25.0,13.3
2015-08-09,19.55,27.2,13.3
2015-08-10,21.11,27.0,15.6
2015-08-11,20.72,24.4,18.9
2015-08-12,20.09,23.9,16.4
2015-08-13,19.68,25.0,13.95
2015-08-14,22.11,28.15,15.9
2015-08-15,22.58,28.3,18.3
2015-08-16,22.36,30.0,17.5
2015-08-17,23.78,31.1,18.9
2015-08-18,23.64,30.3,19.7
2015-08-19,24.66,30.0,20.5
2015-08-20,23.82,28.9,19.4
2015-08-21,20.24,25.0,16.7
2015-08-22,18.77,24.4,13.9
2015-08-23,19.58,26.7,13.9
2015-08-24,21.04,27.0,16.7
2015-08-25,19.87,25.0,15.0
2015-08-26,18.81,22.1,15.0
2015-08-27,17.91,21.1,13.3
2015-08-28,17.19,23.3,11.1
2015-08-29,19.48,26.7,12.2
2015-08-30,21.56,27.0,17.0
2015-08-31,22.47,28.9,18.3
2015-09-01,20.72,28.3,16.7
2015-09-02,21.48,29.4,17.0
2015-09-03,22.4,30.0,18.0
2015-09-04,21.51,28.3,18.3
2015-09-05,21.26,28.3,17.2
2015-09-06,21.7,30.0,16.0
2015-09-07,24.06,32.0,19.0
2015-09-08,24.9,32.2,21.1
2015-09-09,23.63,30.0,18.9
2015-09-10,19.48,23.3,16.7
2015-09-11,17.27,25.0,13.3
2015-09-12,17.44,19.4,13.9
2015-09-13,16.31,19.0,12.9
2015-09-14,15.38,21.7,12.0
2015-09-15,17.77,26.1,11.7
2015-09-16,18.11,27.2,12.2
2015-09-17,18.61,28.0,13.9
2015-09-18,19.42,28.0,13.9
2015-09-19,20.63,26.1,15.6
2015-09-20,16.41,19.4,10.0
2015-09-21,13.34,20.15,6.95
2015-09-22,14.95,21.85,10.6
2015-09-23,13.78,23.9,8.45
2015-09-24,16.35,24.4,9.7
2015-09-25,15.4,22.2,11.7
2015-09-26,13.73,20.8,10.6
2015-09-27,15.09,22.2,9.7
2015-09-28,19.36,22.8,14.7
2015-09-29,20.46,23.15,17.8
2015-09-30,16.04,18.6,10.6
2015-10-01,10.48,14.4,8.05
2015-10-02,8.71,11.1,6.1
2015-10-03,9.23,11.95,6.1
2015-10-04,10.73,16.7,7.2
2015-10-05,11.57,17.8,6.1
2015-10-06,13.6,17.5,9.2
2015-10-07,13.75,19.7,10.6
2015-10-08,11.83,18.3,7.2
2015-10-09,15.14,17.8,8.9
2015-10-10,9.28,15.0,4.4
2015-10-11,12.64,19.4,5.0
2015-10-12,15.52,23.9,10.0
2015-10-13,15.32,18.9,12.2
2015-10-14,12.14,13.95,7.2
2015-10-15,10.05,16.7,3.6
2015-10-16,10.08,13.6,6.05
2015-10-17,5.34,6.7,0.6
2015-10-18,1.94,5.8,-1.7
2015-10-19,6.35,11.1,-3.0
2015-10-20,13.87,18.8,8.9
2015-10-21,13.64,18.9,10.5
2015-10-22,15.1,19.4,8.9
2015-10-23,7.59,11.1,1.1
2015-10-24,9.1,11.7,1.0
2015-10-25,11.28,13.3,5.0
2015-10-26,5.23,11.1,0.0
2015-10-27,6.2,13.0,-0.7
2015-10-28,11.93,17.0,7.7
2015-10-29,13.86,16.7,7.8
2015-10-30,7.83,9.4,1.7
2015-10-31,4.71,10.6,-1.1
2015-11-01,11.72,16.7,8.3
2015-11-02,9.63,16.0,5.0
2015-11-03,11.11,20.6,5.6
2015-11-04,11.89,22.0,5.6
2015-11-05,16.18,21.2,10.6
2015-11-06,17.73,21.1,12.2
2015-11-07,10.91,12.0,5.6
2015-11-08,5.96,10.0,0.6
2015-11-09,5.73,13.9,-1.1
2015-11-10,10.56,13.9,6.7
2015-11-11,9.55,12.2,7.0
2015-11-12,10.47,13.9,8.0
2015-11-13,8.6,10.85,4.4
2015-11-14,3.93,5.6,1.1
2015-11-15,7.51,13.9,1.0
2015-11-16,7.9,14.4,2.0
2015-11-17,4.34,10.0,-2.2
2015-11-18,11.16,13.6,3.15
2015-11-19,14.64,16.7,10.6
2015-11-20,8.0,10.6,-0.6
2015-11-21,5.74,8.3,-0.8
2015-11-22,5.72,9.4,-0.8
2015-11-23,-0.04,2.8,-4.7
2015-11-24,0.62,4.7,-3.95
2015-11-25,3.35,8.95,-3.05
2015-11-26,9.3,13.9,3.8
2015-11-27,11.02,17.2,3.9
2015-11-28,4.97,7.0,0.6
2015-11-29,0.92,3.3,-2.5
2015-11-30,1.58,5.6,-5.3
2015-12-01,6.22,8.3,2.8
2015-12-02,7.96,9.4,3.95
2015-12-03,5.31,6.7,2.2
2015-12-04,4.69,6.4,2.2
2015-12-05,3.61,7.9,-1.1
2015-12-06,2.02,8.3,-2.2
2015-12-07,2.9,7.0,-1.7
2015-12-08,3.05,6.05,-1.1
2015-12-09,6.82,11.0,-0.6
2015-12-10,8.72,12.8,5.0
2015-12-11,9.56,15.0,5.6
2015-12-12,10.34,13.15,4.2
2015-12-13,9.57,13.9,7.8
2015-12-14,13.01,16.7,10.0
2015-12-15,10.24,11.7,4.4
2015-12-16,5.25,7.8,2.9
2015-12-17,9.55,10.6,5.0
2015-12-18,4.05,5.0,0.3
2015-12-19,-0.31,1.1,-2.2
2015-12-20,0.67,3.6,-2.8
2015-12-21,7.37,10.0,1.1
2015-12-22,10.11,12.5,6.7
2015-12-23,10.77,15.0,6.0
2015-12-24,14.76,18.95,5.3
2015-12-25,7.66,13.9,2.0
2015-12-26,5.86,7.9,0.8
2015-12-27,6.6,11.1,1.0
2015-12-28,-1.12,1.1,-3.9
2015-12-29,1.66,4.4,-0.6
2015-12-30,3.03,6.0,1.7
2015-12-31,3.01,3.9,0.6
2016-01-01,0.69,1.1,-2.1
2016-01-02,-0.36,1.05,-3.0
2016-01-03,1.04,2.8,-5.6
2016-01-04,-9.03,-5.0,-12.9
2016-01-05,-10.43,-3.9,-14.4
2016-01-06,-4.02,3.3,-10.3
2016-01-07,-2.79,5.0,-8.15
2016-01-08,1.65,4.4,-7.0
2016-01-09,5.5,7.2,3.15
2016-01-10,7.5,10.8,-1.1
2016-01-11,-3.97,-1.4,-8.3
2016-01-12,-3.08,-0.6,-8.9
2016-01-13,-6.64,-4.7,-8.95
2016-01-14,-4.26,-1.0,-8.9
2016-01-15,2.77,7.2,-3.6
2016-01-16,2.96,4.7,-1.1
2016-01-17,-1.66,0.0,-5.6
2016-01-18,-7.44,-4.0,-10.0
2016-01-19,-7.23,-4.7,-10.6
2016-01-20,-4.6,-2.2,-6.7
2016-01-21,-5.55,-2.8,-9.0
2016-01-22,-6.99,-3.9,-12.5
2016-01-23,-6.8,-3.9,-10.3
2016-01-24,-5.01,-1.7,-12.4
2016-01-25,-1.4,3.0,-6.1
2016-01-26,4.04,8.3,-1.7
2016-01-27,1.49,2.8,-3.9
2016-01-28,-0.01,4.4,-5.6
2016-01-29,-0.93,2.2,-5.0
2016-01-30,-0.09,5.6,-6.0
2016-01-31,7.0,12.0,1.7
2016-02-01,6.3,12.8,0.0
2016-02-02,2.18,7.2,-2.8
2016-02-03,8.02,12.8,2.5
2016-02-04,5.96,7.5,0.6
2016-02-05,-0.8,1.1,-4.4
2016-02-06,-0.46,3.3,-5.8
2016-02-07,1.49,6.7,-4.4
2016-02-08,-0.83,3.35,-3.9
2016-02-09,-1.82,0.6,-4.0
2016-02-10,-1.98,0.6,-6.4
2016-02-11,-8.98,-7.0,-12.2
2016-02-12,-7.89,-5.0,-12.9
2016-02-13,-14.53,-8.6,-19.7
2016-02-14,-18.45,-12.1,-23.6
2016-02-15,-6.26,-3.15,-17.8
2016-02-16,2.81,9.15,-3.0
2016-02-17,-0.45,0.5,-5.3
2016-02-18,-6.65,-3.65,-12.9
2016-02-19,-0.0,3.0,-11.4
2016-02-20,7.2,13.0,2.8
2016-02-21,4.82,6.1,-0.85
2016-02-22,-0.91,1.4,-5.6
2016-02-23,0.28,3.9,-6.85
2016-02-24,3.75,10.0,0.6
2016-02-25,4.52,9.7,-2.1
2016-02-26,-4.0,-2.8,-7.8
2016-02-27,-0.19,3.3,-6.7
2016-02-28,8.11,14.2,1.1
2016-02-29,5.56,12.1,-2.1
2016-03-01,0.22,8.15,-6.05
2016-03-02,-1.45,8.6,-6.7
2016-03-03,-5.08,-2.2,-8.65
2016-03-04,-3.92,0.0,-7.1
2016-03-05,-2.25,0.6,-8.3
2016-03-06,-0.77,4.4,-6.05
2016-03-07,6.42,12.35,-1.0
2016-03-08,9.22,16.4,1.1
2016-03-09,15.84,22.9,5.65
2016-03-10,13.38,16.7,8.95
2016-03-11,7.07,9.7,-0.6
2016-03-12,6.83,15.2,-2.2
2016-03-13,8.86,12.2,3.5
2016-03-14,6.09,8.9,4.2
2016-03-15,8.37,11.1,6.0
2016-03-16,8.79,15.6,5.6
2016-03-17,7.47,13.9,3.6
2016-03-18,4.85,7.0,-0.3
2016-03-19,-0.22,3.9,-4.7
2016-03-20,-0.54,4.1,-6.7
2016-03-21,0.64,4.7,-3.9
2016-03-22,5.87,10.0,-3.6
2016-03-23,6.87,12.9,2.2
2016-03-24,5.23,12.2,1.7
2016-03-25,7.02,14.2,0.3
2016-03-26,2.62,10.0,-1.35
2016-03-27,8.35,14.4,0.6
2016-03-28,7.4,13.15,3.9
2016-03-29,3.91,6.7,-0.6
2016-03-30,8.92,15.0,-3.15
2016-03-31,14.02,19.4,8.3
2016-04-01,14.06,18.6,6.85
2016-04-02,5.44,9.4,0.3
2016-04-03,-1.54,0.8,-5.0
2016-04-04,-2.6,-1.05,-5.8
2016-04-05,-3.14,0.3,-9.2
2016-04-06,2.21,7.8,-6.7
2016-04-07,8.16,11.1,2.9
2016-04-08,2.37,3.9,-2.2
2016-04-09,0.03,2.5,-4.2
2016-04-10,1.79,5.0,-5.3
2016-04-11,8.57,11.7,3.6
2016-04-12,6.54,10.0,1.7
2016-04-13,4.17,8.6,-2.2
2016-04-14,5.95,13.0,-1.7
2016-04-15,9.04,17.0,0.0
2016-04-16,10.66,18.85,2.8
2016-04-17,12.24,22.2,3.3
2016-04-18,14.42,23.3,5.0
2016-04-19,11.14,16.0,6.4
2016-04-20,9.85,17.2,2.8
2016-04-21,15.52,22.2,4.5
2016-04-22,15.84,20.0,11.1
2016-04-23,10.31,12.5,4.15
2016-04-24,8.71,14.2,0.3
2016-04-25,9.86,14.7,6.7
2016-04-26,6.38,9.45,1.7
2016-04-27,6.26,12.2,-1.05
2016-04-28,7.51,12.8,1.7
2016-04-29,8.2,12.1,5.0
2016-04-30,9.93,15.6,5.6
2016-05-01,8.35,10.25,6.7
2016-05-02,8.46,11.4,6.1
2016-05-03,8.51,12.2,6.0
2016-05-04,9.93,12.5,7.1
2016-05-05,10.46,14.0,7.8
2016-05-06,11.1,15.0,8.0
2016-05-07,12.16,17.8,8.3
2016-05-08,9.73,14.4,6.1
2016-05-09,10.76,15.3,3.15
2016-05-10,11.29,17.2,1.7
2016-05-11,15.23,22.2,4.6
2016-05-12,18.79,26.4,6.7
2016-05-13,15.81,18.6,11.65
2016-05-14,12.79,19.7,7.8
2016-05-15,7.31,9.4,3.9
2016-05-16,9.38,15.6,3.15
2016-05-17,11.91,16.7,5.8
2016-05-18,11.47,17.1,4.4
2016-05-19,12.86,18.9,6.15
2016-05-20,15.36,22.8,5.75
2016-05-21,14.32,18.9,8.9
2016-05-22,14.06,20.6,11.05
2016-05-23,16.01,25.3,8.9
2016-05-24,17.18,23.3,11.1
2016-05-25,20.36,28.05,11.4
2016-05-26,22.13,28.55,14.7
2016-05-27,22.68,29.4,17.2
2016-05-28,23.34,31.7,17.8
2016-05-29,21.92,29.4,18.3
2016-05-30,20.86,27.0,17.2
2016-05-31,20.45,26.7,15.0
2016-06-01,19.69,27.0,11.7
2016-06-02,19.66,23.35,16.05
2016-06-03,18.71,24.4,15.6
2016-06-04,19.77,26.4,13.6
2016-06-05,18.94,21.1,17.1
2016-06-06,19.72,25.0,15.6
2016-06-07,18.01,21.95,13.3
2016-06-08,13.09,15.6,10.6
2016-06-09,13.82,18.3,8.6
2016-06-10,16.04,22.2,7.95
2016-06-11,18.39,26.85,9.0
2016-06-12,17.86,22.8,13.05
2016-06-13,14.89,18.9,11.4
2016-06-14,16.51,23.45,8.6
2016-06-15,20.14,27.2,10.0
2016-06-16,20.24,25.3,15.6
2016-06-17,19.37,26.4,13.3
2016-06-18,21.76,28.9,12.1
2016-06-19,21.91,29.8,14.95
2016-06-20,24.21,31.0,16.85
2016-06-21,21.47,25.6,15.0
2016-06-22,19.43,23.95,12.8
2016-06-23,19.17,25.6,11.4
2016-06-24,20.06,27.1,11.05
2016-06-25,22.06,28.3,13.0
2016-06-26,23.74,31.0,16.0
2016-06-27,22.33,27.65,18.9
2016-06-28,20.9,25.3,17.8
2016-06-29,19.43,24.4,16.1
2016-06-30,21.16,27.2,13.55
2016-07-01,20.0,25.6,14.25
2016-07-02,18.86,23.9,13.6
2016-07-03,20.62,26.0,12.8
2016-07-04,22.0,28.6,13.3
2016-07-05,23.16,30.0,19.4
2016-07-06,25.24,30.8,18.6
2016-07-07,24.4,30.0,21.1
2016-07-08,22.31,28.05,19.15
2016-07-09,20.14,22.2,18.3
2016-07-10,19.74,24.2,16.45
2016-07-11,19.01,26.1,13.85
2016-07-12,22.78,29.2,14.4
2016-07-13,24.24,30.6,21.1
2016-07-14,24.61,28.9,22.2
2016-07-15,25.03,30.6,20.0
2016-07-16,21.93,27.0,17.0
2016-07-17,22.72,28.3,16.05
2016-07-18,24.23,29.4,18.9
2016-07-19,21.19,25.0,14.4
2016-07-20,20.51,26.7,12.2
2016-07-21,24.07,30.6,13.9
2016-07-22,26.54,32.2,21.95
2016-07-23,25.87,32.1,19.4
2016-07-24,23.93,31.0,16.1
2016-07-25,23.39,28.6,20.3
2016-07-26,23.57,28.9,19.15
2016-07-27,23.82,30.3,17.2
2016-07-28,23.95,29.7,18.95
2016-07-29,22.37,28.3,18.9
2016-07-30,21.27,26.6,17.55
2016-07-31,21.75,25.8,18.95
2016-08-01,21.29,25.8,18.9
2016-08-02,20.56,25.8,17.0
2016-08-03,20.91,27.5,16.0
2016-08-04,23.14,28.9,16.4
2016-08-05,24.54,29.4,18.9
2016-08-06,23.67,28.3,20.0
2016-08-07,22.71,28.05,17.1
2016-08-08,22.46,28.0,14.7
2016-08-09,23.94,30.0,14.4
2016-08-10,24.37,29.4,21.7
2016-08-11,25.57,32.1,21.95
2016-08-12,26.11,32.2,22.8
2016-08-13,25.68,32.8,22.9
2016-08-14,25.32,28.3,21.95
2016-08-15,23.11,26.85,19.4
2016-08-16,24.01,30.0,20.3
2016-08-17,22.77,27.1,18.6
2016-08-18,22.34,27.8,18.65
2016-08-19,21.95,28.95,17.65
2016-08-20,23.79,29.4,18.5
2016-08-21,22.81,26.1,19.4
2016-08-22,18.81,22.8,14.4
2016-08-23,19.06,26.05,11.1
2016-08-24,22.42,28.9,14.7
2016-08-25,23.35,27.8,20.0
2016-08-26,23.45,28.9,19.4
2016-08-27,21.68,28.9,16.55
2016-08-28,23.87,29.7,18.6
2016-08-29,22.73,27.2,16.85
2016-08-30,19.97,26.7,13.3
2016-08-31,21.41,25.0,17.2
2016-09-01,19.74,23.3,15.85
2016-09-02,17.91,23.9,12.8
2016-09-03,15.94,23.15,10.6
2016-09-04,18.01,26.1,10.8
2016-09-05,18.77,27.8,12.8
2016-09-06,20.64,27.9,15.3
2016-09-07,22.76,29.4,18.3
2016-09-08,23.68,29.7,20.05
2016-09-09,24.37,29.15,20.8
2016-09-10,24.01,29.4,18.95
2016-09-11,20.77,25.0,12.6
2016-09-12,15.98,23.9,9.9
2016-09-13,19.31,26.7,11.7
2016-09-14,19.67,23.6,13.15
2016-09-15,13.79,21.1,7.6
2016-09-16,15.65,23.15,7.3
2016-09-17,19.98,24.4,12.9
2016-09-18,21.02,25.95,18.9
2016-09-19,19.81,24.4,16.95
2016-09-20,19.3,26.7,15.3
2016-09-21,18.4,26.7,13.3
2016-09-22,19.8,27.8,12.8
2016-09-23,17.91,24.2,12.2
2016-09-24,12.9,18.6,7.5
2016-09-25,10.43,18.9,4.2
2016-09-26,15.58,20.0,5.6
2016-09-27,15.73,21.55,11.4
2016-09-28,14.99,20.6,9.2
2016-09-29,14.36,17.2,12.8
2016-09-30,13.56,16.7,11.7
2016-10-01,14.27,16.7,11.4
2016-10-02,14.95,17.2,12.9
2016-10-03,14.89,20.6,12.2
2016-10-04,14.14,20.0,11.1
2016-10-05,12.59,20.8,9.4
2016-10-06,13.02,22.8,7.9
2016-10-07,14.14,23.3,8.3
2016-10-08,16.12,18.9,11.05
2016-10-09,11.24,14.4,8.3
2016-10-10,8.07,13.3,2.9
2016-10-11,9.21,17.8,1.0
2016-10-12,13.1,20.0,7.5
2016-10-13,12.67,16.7,6.7
2016-10-14,7.05,14.05,1.7
2016-10-15,10.67,18.3,1.6
2016-10-16,16.08,21.4,11.05
2016-10-17,17.27,22.5,15.3
2016-10-18,19.37,26.1,16.05
2016-10-19,17.51,20.85,10.0
2016-10-20,14.03,16.45,9.7
2016-10-21,13.81,15.0,8.3
2016-10-22,7.08,8.3,5.0
2016-10-23,9.32,13.6,5.0
2016-10-24,8.86,10.6,5.6
2016-10-25,5.57,7.9,3.0
2016-10-26,3.31,6.1,0.0
2016-10-27,3.24,7.1,0.6
2016-10-28,4.92,8.3,1.1
2016-10-29,11.33,17.1,2.1
2016-10-30,11.61,14.2,6.1
2016-10-31,5.53,9.2,0.0
2016-11-01,9.47,14.0,-0.5
2016-11-02,13.56,19.64,9.7
2016-11-03,12.37,15.0,9.0
2016-11-04,8.21,11.0,2.78
2016-11-05,9.14,13.89,3.0
2016-11-06,7.99,12.11,1.42
2016-11-07,4.53,12.22,-1.86
2016-11-08,9.23,18.0,0.86
2016-11-09,8.48,11.0,3.14
2016-11-10,8.55,12.5,-0.3
2016-11-11,7.28,12.78,2.22
2016-11-12,3.91,8.28,-2.0
2016-11-13,6.9,13.94,2.25
2016-11-14,7.52,14.39,1.11
2016-11-15,7.33,12.78,1.72
2016-11-16,8.38,11.86,3.58
2016-11-17,7.44,12.5,1.72
2016-11-18,7.98,17.94,1.25
2016-11-19,7.57,17.11,1.42
2016-11-20,1.11,2.89,-1.42
2016-11-21,-0.44,0.61,-2.11
2016-11-22,0.29,1.97,-1.11
2016-11-23,0.33,2.89,-2.22
2016-11-24,3.56,5.0,0.0
2016-11-25,5.34,7.78,3.28
2016-11-26,4.11,5.3,1.72
2016-11-27,2.81,6.16,0.0
2016-11-28,3.17,8.94,-2.0
2016-11-29,9.87,12.89,3.94
2016-11-30,10.27,12.5,5.8
2016-12-01,7.39,10.0,3.94
2016-12-02,4.83,6.72,2.11
2016-12-03,3.38,4.7,1.86
2016-12-04,1.23,4.39,-1.11
2016-12-05,2.38,5.3,-1.11
2016-12-06,2.06,5.61,-2.78
2016-12-07,2.53,5.3,0.0
2016-12-08,0.79,2.75,-1.86
2016-12-09,-2.06,-0.3,-5.0
2016-12-10,-4.56,-2.0,-8.0
2016-12-11,-2.98,-1.11,-8.0
2016-12-12,1.56,3.28,-2.22
2016-12-13,0.7,2.22,-2.78
2016-12-14,-2.12,0.61,-6.11
2016-12-15,-8.3,-5.61,-11.42
2016-12-16,-9.3,-5.61,-13.58
2016-12-17,-3.35,2.5,-7.5
2016-12-18,2.05,7.11,-7.11
2016-12-19,-7.87,-4.39,-12.11
2016-12-20,-4.1,0.0,-12.5
2016-12-21,-0.24,2.22,-3.58
2016-12-22,1.69,2.78,-2.0
2016-12-23,2.32,5.8,-1.72
2016-12-24,3.41,5.61,1.06
2016-12-25,1.32,4.0,-3.94
2016-12-26,3.0,8.94,-4.7
2016-12-27,5.43,9.39,0.0
2016-12-28,-0.12,0.8,-2.89
2016-12-29,1.16,2.22,-3.0
2016-12-30,-0.69,1.06,-2.78
2016-12-31,1.03,4.2,-3.94
2017-01-01,2.27,3.89,-4.0
2017-01-02,1.63,3.5,-5.0
2017-01-03,3.74,4.7,2.11
2017-01-04,2.52,5.61,-4.7
2017-01-05,-4.49,-3.89,-6.72
2017-01-06,-6.77,-6.0,-11.72
2017-01-07,-9.39,-6.11,-12.89
2017-01-08,-9.72,-7.5,-12.78
2017-01-09,-9.56,-6.0,-14.06
2017-01-10,-1.62,3.89,-9.7
2017-01-11,6.13,9.7,2.22
2017-01-12,9.03,11.72,3.89
2017-01-13,1.28,3.14,-5.3
2017-01-14,-4.35,-1.86,-7.5
2017-01-15,-3.09,0.0,-8.0
2017-01-16,0.13,4.14,-8.0
2017-01-17,2.38,3.84,0.0
2017-01-18,2.62,3.94,1.72
2017-01-19,2.87,3.89,1.0
2017-01-20,3.57,5.8,1.06
2017-01-21,5.76,10.0,3.58
2017-01-22,5.34,10.0,3.14
2017-01-23,3.27,5.8,0.61
2017-01-24,0.7,1.72,-1.0
2017-01-25,2.06,5.0,0.0
2017-01-26,3.72,6.72,1.06
2017-01-27,1.62,2.22,-0.61
2017-01-28,-0.13,1.11,-1.72
2017-01-29,-0.96,0.5,-5.0
2017-01-30,-4.89,-3.89,-8.89
2017-01-31,-3.78,-1.11,-9.14
2017-02-01,-0.52,2.89,-4.39
2017-02-02,-2.09,-1.0,-6.42
2017-02-03,-5.3,-3.94,-8.28
2017-02-04,-4.57,-1.42,-8.59
2017-02-05,0.33,1.86,-4.7
2017-02-06,-0.77,2.89,-4.0
2017-02-07,1.19,6.06,-2.11
2017-02-08,3.41,10.3,-3.14
2017-02-09,-6.33,-3.89,-10.0
2017-02-10,-6.0,-2.78,-10.0
2017-02-11,-0.03,4.39,-3.94
2017-02-12,-0.49,1.72,-2.22
2017-02-13,-1.85,0.0,-3.89
2017-02-14,-0.7,3.28,-6.72
2017-02-15,0.82,3.58,-3.7
2017-02-16,-3.53,-2.5,-6.0
2017-02-17,-2.43,3.0,-6.06
2017-02-18,7.04,12.89,-4.7
2017-02-19,7.67,14.14,2.22
2017-02-20,2.49,6.86,-2.89
2017-02-21,3.8,7.5,-5.0
2017-02-22,7.73,13.14,3.89
2017-02-23,10.88,17.22,3.89
2017-02-24,10.53,20.0,6.72
2017-02-25,9.01,17.22,0.61
2017-02-26,0.03,1.86,-2.89
2017-02-27,4.47,9.7,-1.72
2017-02-28,10.24,14.2,1.72
2017-03-01,12.53,17.39,8.28
2017-03-02,0.16,6.86,-4.39
2017-03-03,-4.7,-1.72,-8.89
2017-03-04,-9.0,-6.0,-12.5
2017-03-05,-6.16,0.0,-15.0
2017-03-06,3.45,6.72,-7.22
2017-03-07,7.47,10.61,3.94
2017-03-08,7.64,12.0,3.28
2017-03-09,4.57,6.06,0.61
2017-03-10,-3.03,0.61,-10.0
2017-03-11,-9.1,-7.11,-12.0
2017-03-12,-8.55,-5.8,-11.42
2017-03-13,-6.63,-2.5,-12.78
2017-03-14,-5.74,-5.0,-8.28
2017-03-15,-6.82,-4.39,-9.39
2017-03-16,-3.35,0.0,-7.22
2017-03-17,-1.04,4.39,-7.5
2017-03-18,0.23,3.14,-6.11
2017-03-19,0.77,5.36,-2.22
2017-03-20,1.92,6.06,-5.8
2017-03-21,4.49,10.0,0.61
2017-03-22,-3.83,1.72,-7.22
2017-03-23,-2.14,3.89,-10.0
2017-03-24,3.97,8.0,-2.22
2017-03-25,4.05,6.11,1.72
2017-03-26,3.43,5.61,1.11
2017-03-27,6.01,11.72,3.0
2017-03-28,6.17,8.89,4.0
2017-03-29,4.76,9.39,1.72
2017-03-30,3.49,7.0,-1.72
2017-03-31,3.15,5.0,1.72
2017-04-01,2.82,5.61,1.0
2017-04-02,5.44,13.14,0.0
2017-04-03,10.07,16.11,1.11
2017-04-04,9.1,11.11,6.72
2017-04-05,6.65,11.72,5.0
2017-04-06,6.5,10.61,3.89
2017-04-07,3.89,5.61,1.11
2017-04-08,4.65,9.39,0.0
2017-04-09,12.34,19.39,0.61
2017-04-10,17.06,25.61,10.0
2017-04-11,15.3,21.11,9.39
2017-04-12,11.19,15.0,6.11
2017-04-13,7.6,13.0,1.72
2017-04-14,9.11,16.11,1.11
2017-04-15,13.95,20.0,3.28
2017-04-16,18.18,26.11,11.72
2017-04-17,13.83,17.0,6.5
2017-04-18,8.51,14.0,2.0
2017-04-19,9.47,12.0,6.11
2017-04-20,10.05,15.0,7.78
2017-04-21,10.74,13.28,8.28
2017-04-22,8.2,10.61,4.39
2017-04-23,9.68,18.28,1.11
2017-04-24,10.72,17.22,3.89
2017-04-25,11.16,13.89,8.28
2017-04-26,14.33,20.61,11.0
2017-04-27,16.66,24.14,12.78
2017-04-28,16.04,22.78,12.22
2017-04-29,16.23,20.0,10.61
2017-04-30,10.37,15.0,5.61
2017-05-01,14.45,21.72,8.89
2017-05-02,13.31,16.11,9.39
2017-05-03,10.28,13.0,5.0
2017-05-04,9.83,15.0,2.22
2017-05-05,10.51,13.89,7.78
2017-05-06,11.82,16.72,8.89
2017-05-07,7.66,10.0,4.39
2017-05-08,6.46,10.0,1.72
2017-05-09,7.19,12.22,1.72
2017-05-10,8.83,13.89,3.28
2017-05-11,10.73,15.61,4.44
2017-05-12,11.67,17.22,6.11
2017-05-13,10.42,12.5,7.89
2017-05-14,10.23,16.72,6.72
2017-05-15,12.36,18.14,9.14
2017-05-16,16.21,22.5,7.78
2017-05-17,23.09,29.7,12.78
2017-05-18,24.42,30.61,18.28
2017-05-19,19.05,22.78,12.0
2017-05-20,13.33,18.89,8.89
2017-05-21,14.24,19.39,9.0
2017-05-22,13.57,16.11,10.0
2017-05-23,15.15,20.61,8.89
2017-05-24,16.86,22.78,11.3
2017-05-25,13.67,16.0,12.78
2017-05-26,13.77,16.72,11.86
2017-05-27,15.17,20.0,11.72
2017-05-28,16.99,22.89,11.42
2017-05-29,14.64,16.72,12.78
2017-05-30,14.71,17.61,12.78
2017-05-31,15.45,22.78,12.78
2017-06-01,15.15,20.61,11.11
2017-06-02,14.67,18.64,7.78
2017-06-03,14.81,20.61,8.34
2017-06-04,13.98,20.0,8.14
2017-06-05,15.37,18.89,13.28
2017-06-06,12.44,13.89,10.61
2017-06-07,12.22,20.0,9.39
2017-06-08,15.81,22.89,8.59
2017-06-09,18.42,25.61,11.42
2017-06-10,21.5,27.22,14.39
2017-06-11,24.66,30.0,18.28
2017-06-12,25.8,31.72,19.7
2017-06-13,24.29,29.39,18.0
2017-06-14,19.35,25.61,14.39
2017-06-15,19.36,24.7,12.61
2017-06-16,19.06,20.61,16.11
2017-06-17,21.48,26.72,17.78
2017-06-18,23.33,30.3,20.3
2017-06-19,21.46,25.0,19.39
2017-06-20,19.8,23.89,16.11
2017-06-21,19.61,23.89,14.0
2017-06-22,21.71,26.11,12.78
2017-06-23,23.12,25.8,20.61
2017-06-24,21.67,26.36,16.72
2017-06-25,18.93,23.28,13.89
2017-06-26,17.4,22.0,12.0
2017-06-27,16.04,20.0,11.72
2017-06-28,18.18,24.0,11.11
2017-06-29,20.75,25.0,15.72
2017-06-30,22.47,26.72,19.39
2017-07-01,21.56,25.0,18.5
2017-07-02,21.74,27.78,17.0
2017-07-03,21.59,26.0,16.11
2017-07-04,20.38,26.11,13.89
2017-07-05,21.63,27.78,13.28
2017-07-06,21.94,25.61,18.0
2017-07-07,21.31,26.11,18.89
2017-07-08,20.58,24.39,15.61
2017-07-09,20.28,26.11,13.89
2017-07-10,21.21,26.72,16.72
2017-07-11,22.54,27.78,18.28
2017-07-12,22.9,28.28,20.0
2017-07-13,21.35,25.0,18.0
2017-07-14,19.92,22.78,17.11
2017-07-15,19.82,24.39,17.78
2017-07-16,21.21,27.22,17.22
2017-07-17,21.58,27.0,17.78
2017-07-18,21.66,28.28,17.22
2017-07-19,23.68,29.39,17.22
2017-07-20,23.12,28.94,18.28
2017-07-21,23.53,29.39,19.2
2017-07-22,22.49,25.7,18.84
2017-07-23,21.72,26.06,19.14
2017-07-24,18.5,22.22,16.42
2017-07-25,16.67,19.7,14.39
2017-07-26,18.24,23.89,13.89
2017-07-27,20.59,24.39,17.11
2017-07-28,19.88,23.89,15.3
2017-07-29,18.53,23.89,12.78
2017-07-30,19.78,26.72,12.11
2017-07-31,21.86,28.34,15.0
2017-08-01,21.9,28.89,16.72
2017-08-02,21.61,28.89,17.3
2017-08-03,21.49,28.28,17.5
2017-08-04,21.59,28.58,18.89
2017-08-05,20.01,23.0,15.61
2017-08-06,18.36,23.89,12.22
2017-08-07,18.06,22.22,14.14
2017-08-08,17.66,23.89,14.3
2017-08-09,20.04,26.72,13.84
2017-08-10,20.18,27.61,15.0
2017-08-11,20.76,25.3,16.72
2017-08-12,20.61,25.61,17.22
2017-08-13,20.0,25.8,15.86
2017-08-14,20.8,26.61,14.7
2017-08-15,20.61,25.61,17.78
2017-08-16,19.49,25.61,15.7
2017-08-17,20.54,26.42,13.28
2017-08-18,23.05,27.22,21.11
2017-08-19,21.92,26.42,18.89
2017-08-20,20.63,27.0,16.11
2017-08-21,22.34,28.89,16.11
2017-08-22,22.68,29.2,18.89
2017-08-23,19.92,23.94,14.39
2017-08-24,17.46,21.11,11.72
2017-08-25,16.1,21.11,11.11
2017-08-26,14.34,22.0,8.89
2017-08-27,15.54,23.28,8.89
2017-08-28,16.29,23.28,10.61
2017-08-29,15.62,20.0,12.22
2017-08-30,16.63,23.89,12.22
2017-08-31,16.88,20.61,11.11
2017-09-01,12.58,17.22,6.72
2017-09-02,13.1,19.39,5.0
2017-09-03,14.3,18.28,11.72
2017-09-04,19.98,25.61,12.78
2017-09-05,18.82,22.78,14.39
2017-09-06,15.96,18.89,13.28
2017-09-07,14.61,20.0,11.72
2017-09-08,13.53,17.78,10.0
2017-09-09,12.98,17.78,8.28
2017-09-10,12.6,19.39,7.22
2017-09-11,13.75,22.78,6.72
2017-09-12,14.95,25.0,8.28
2017-09-13,18.16,26.11,10.61
2017-09-14,19.53,25.0,17.78
2017-09-15,18.73,26.11,15.61
2017-09-16,18.26,26.11,14.39
2017-09-17,18.31,27.0,15.0
2017-09-18,19.01,26.72,16.11
2017-09-19,19.25,25.61,16.11
2017-09-20,19.27,26.0,15.22
2017-09-21,18.92,26.11,15.0
2017-09-22,17.97,26.11,13.28
2017-09-23,19.64,28.89,13.0
2017-09-24,21.08,30.61,16.0
2017-09-25,20.91,31.0,17.22
2017-09-26,20.65,30.0,17.78
2017-09-27,21.27,30.0,17.22
2017-09-28,17.34,20.0,11.11
2017-09-29,12.12,17.22,6.72
2017-09-30,10.73,14.0,6.0
2017-10-01,8.97,17.78,3.28
2017-10-02,10.33,21.0,3.39
2017-10-03,13.56,21.86,5.61
2017-10-04,18.62,24.7,11.0
2017-10-05,18.05,22.78,13.03
2017-10-06,16.7,20.3,12.78
2017-10-07,19.3,25.3,15.8
2017-10-08,20.96,23.94,16.72
2017-10-09,19.43,22.22,16.72
2017-10-10,18.15,23.58,13.58
2017-10-11,14.12,16.86,11.06
2017-10-12,11.81,17.22,10.0
2017-10-13,14.23,17.78,9.39
2017-10-14,16.15,21.11,14.39
2017-10-15,17.84,23.0,12.22
2017-10-16,9.5,12.11,3.58
2017-10-17,9.32,15.0,0.0
2017-10-18,12.59,20.61,6.72
2017-10-19,14.45,21.11,8.0
2017-10-20,12.95,20.0,7.22
2017-10-21,12.98,23.0,6.72
2017-10-22,14.29,23.28,8.28
2017-10-23,17.43,21.72,11.11
2017-10-24,17.97,21.72,13.89
2017-10-25,12.45,15.61,7.22
2017-10-26,9.12,11.72,5.0
2017-10-27,10.16,16.72,3.28
2017-10-28,12.95,19.0,6.11
2017-10-29,11.49,13.89,7.78
2017-10-30,8.65,12.0,6.72
2017-10-31,7.3,9.39,3.28
2017-11-01,6.72,8.28,1.11
2017-11-02,14.16,18.89,8.0
2017-11-03,13.09,17.78,4.39
2017-11-04,6.63,10.0,1.0
2017-11-05,12.53,15.0,7.78
2017-11-06,11.76,16.0,4.39
2017-11-07,3.64,5.0,-0.61
2017-11-08,1.8,7.78,-3.0
2017-11-09,4.96,9.39,-2.78
2017-11-10,-2.57,1.72,-6.11
2017-11-11,-3.46,1.11,-8.0
2017-11-12,1.38,5.61,-4.39
2017-11-13,3.06,5.61,0.61
2017-11-14,3.13,5.61,0.0
2017-11-15,4.53,8.28,-1.72
2017-11-16,6.96,9.39,2.22
2017-11-17,1.74,3.28,-3.0
2017-11-18,6.22,8.28,-3.28
2017-11-19,4.55,10.0,0.0
2017-11-20,1.37,5.61,-1.11
2017-11-21,7.74,13.0,1.11
2017-11-22,3.81,7.22,-1.72
2017-11-23,0.16,2.78,-3.28
2017-11-24,5.09,9.39,0.0
2017-11-25,7.54,11.11,2.22
2017-11-26,2.74,5.3,0.0
2017-11-27,2.02,5.61,-3.0
2017-11-28,7.44,11.72,-4.39
2017-11-29,6.94,13.0,-1.72
2017-11-30,5.86,9.39,-4.11
2017-12-01,5.38,7.78,-0.61
2017-12-02,1.64,6.72,-2.22
2017-12-03,1.97,8.28,-1.72
2017-12-04,3.22,9.0,-2.78
2017-12-05,10.21,11.72,5.0
2017-12-06,3.3,5.0,0.61
2017-12-07,1.17,2.22,-2.0
2017-12-08,-1.13,0.61,-4.0
2017-12-09,-2.01,0.61,-5.0
2017-12-10,-1.14,0.61,-4.0
2017-12-11,-1.76,-1.11,-3.89
2017-12-12,-0.13,1.11,-8.28
2017-12-13,-7.55,-6.11,-10.0
2017-12-14,-8.08,-6.11,-11.72
2017-12-15,-6.2,-4.39,-13.28
2017-12-16,-3.5,-2.0,-7.78
2017-12-17,-5.42,-2.22,-7.22
2017-12-18,1.06,4.0,-2.78
2017-12-19,6.1,9.39,2.78
2017-12-20,1.56,3.28,-2.22
2017-12-21,-3.14,0.0,-5.0
2017-12-22,-1.48,1.0,-3.28
2017-12-23,1.49,3.89,-1.72
2017-12-24,-0.46,0.61,-3.0
2017-12-25,-2.24,1.11,-7.22
2017-12-26,-8.49,-7.22,-13.0
2017-12-27,-12.26,-8.89,-15.61
2017-12-28,-14.96,-12.22,-17.5
2017-12-29,-13.68,-8.89,-16.72
2017-12-30,-10.85,-7.22,-14.39
2017-12-31,-14.96,-12.5,-18.14
2018-01-01,-13.96,-10.0,-19.39
2018-01-02,-10.32,-6.06,-15.0
2018-01-03,-8.01,-4.39,-13.94
2018-01-04,-7.71,-6.11,-13.89
2018-01-05,-15.33,-13.89,-17.22
2018-01-06,-16.9,-15.0,-18.0
2018-01-07,-13.17,-6.72,-21.0
2018-01-08,-1.21,1.11,-6.72
2018-01-09,-0.03,2.22,-3.28
2018-01-10,0.92,4.0,-8.28
2018-01-11,7.98,11.0,2.78
2018-01-12,9.25,15.0,-2.22
2018-01-13,-6.35,-2.78,-13.28
2018-01-14,-14.06,-8.89,-17.78
2018-01-15,-8.22,-5.61,-16.11
2018-01-16,-3.79,-2.22,-8.0
2018-01-17,-5.2,-3.89,-12.22
2018-01-18,-7.0,-3.28,-13.28
2018-01-19,-2.69,2.22,-8.28
2018-01-20,3.13,7.0,-1.0
2018-01-21,2.79,5.61,-1.72
2018-01-22,3.09,7.0,1.72
2018-01-23,5.64,10.3,1.72
2018-01-24,-2.72,1.42,-7.5
2018-01-25,-6.29,-3.28,-9.39
2018-01-26,-2.05,2.22,-8.89
2018-01-27,5.97,8.89,-2.31
2018-01-28,4.06,7.78,-1.11
2018-01-29,-0.54,3.0,-3.89
2018-01-30,-5.65,-3.0,-10.0
2018-01-31,-4.98,0.0,-13.28
2018-02-01,1.44,5.0,-4.39
2018-02-02,-8.3,-3.28,-12.78
2018-02-03,-6.1,-1.72,-13.0
2018-02-04,1.11,1.72,-2.22
2018-02-05,-5.05,0.61,-11.0
2018-02-06,-5.78,-2.22,-10.0
2018-02-07,-4.37,-3.0,-9.39
2018-02-08,-6.1,-4.39,-11.11
2018-02-09,-4.85,-1.0,-11.72
2018-02-10,1.56,3.89,-2.78
2018-02-11,2.2,7.78,-2.0
2018-02-12,-0.31,1.11,-5.61
2018-02-13,-4.09,0.61,-9.39
2018-02-14,2.55,7.22,-1.72
2018-02-15,6.72,12.22,3.0
2018-02-16,5.05,8.0,-4.39
2018-02-17,-1.31,1.11,-6.72
2018-02-18,-0.59,3.14,-3.0
2018-02-19,5.37,7.22,-2.22
2018-02-20,10.5,17.78,6.97
2018-02-21,9.17,20.0,1.72
2018-02-22,1.13,2.78,-1.0
2018-02-23,2.51,5.0,-1.0
2018-02-24,4.39,6.72,1.72
2018-02-25,4.6,7.0,1.86
2018-02-26,3.59,8.28,-0.14
2018-02-27,4.96,11.72,-2.11
2018-02-28,8.5,14.39,2.22
2018-03-01,5.07,8.28,0.61
2018-03-02,0.23,1.11,-1.11
2018-03-03,1.33,4.0,-1.11
2018-03-04,0.43,1.72,-2.22
2018-03-05,-0.81,1.72,-3.28
2018-03-06,0.97,5.0,-3.28
2018-03-07,0.35,2.0,-1.0
2018-03-08,-0.57,0.61,-2.22
2018-03-09,-0.54,2.22,-3.28
2018-03-10,-0.43,1.11,-2.78
2018-03-11,-0.8,1.11,-4.39
2018-03-12,0.04,2.22,-5.61
2018-03-13,-0.88,1.0,-1.72
2018-03-14,-1.0,0.61,-2.22
2018-03-15,-0.21,2.78,-2.78
2018-03-16,-2.59,-1.0,-5.0
2018-03-17,-1.76,3.28,-7.22
2018-03-18,-3.03,3.28,-8.28
2018-03-19,-2.95,1.0,-6.72
2018-03-20,-2.18,2.22,-8.89
2018-03-21,-1.2,2.78,-3.89
2018-03-22,0.52,5.0,-2.78
2018-03-23,1.39,4.39,-2.78
2018-03-24,0.34,3.03,-4.2
2018-03-25,-0.06,5.0,-5.3
2018-03-26,2.74,8.28,-4.56
2018-03-27,3.16,6.72,-1.72
2018-03-28,4.42,8.0,2.22
2018-03-29,7.63,10.0,5.0
2018-03-30,6.14,10.61,1.11
2018-03-31,6.57,11.11,-2.22
2018-04-01,3.62,10.0,-1.11
2018-04-02,0.86,5.61,-3.0
2018-04-03,3.63,6.0,-1.0
2018-04-04,4.53,11.72,-1.72
2018-04-05,-0.92,1.11,-4.39
2018-04-06,1.37,5.61,-4.39
2018-04-07,0.68,2.22,-3.28
2018-04-08,-0.91,1.72,-4.39
2018-04-09,0.75,4.39,-5.61
2018-04-10,1.4,5.0,-2.22
2018-04-11,3.92,7.78,-3.28
2018-04-12,7.97,13.0,-0.61
2018-04-13,9.84,16.11,5.61
2018-04-14,5.37,8.0,-0.61
2018-04-15,1.42,5.0,-0.61
2018-04-16,4.72,7.78,1.0
2018-04-17,2.63,3.28,0.61
2018-04-18,3.21,5.3,0.61
2018-04-19,2.35,3.89,0.61
2018-04-20,2.32,7.22,-0.61
2018-04-21,6.42,13.28,-1.72
2018-04-22,8.2,15.61,-1.11
2018-04-23,11.55,19.39,-0.61
2018-04-24,13.34,18.28,6.11
2018-04-25,11.03,13.89,8.89
2018-04-26,8.98,13.89,5.0
2018-04-27,9.67,13.89,3.28
2018-04-28,8.95,15.61,5.0
2018-04-29,5.58,10.0,2.78
2018-04-30,7.48,10.86,3.0
2018-05-01,15.36,23.89,5.0
2018-05-02,21.72,28.89,12.78
2018-05-03,19.89,26.72,15.61
2018-05-04,17.46,26.11,11.97
2018-05-05,16.71,23.03,8.28
2018-05-06,14.54,18.89,11.42
2018-05-07,12.25,18.89,8.89
2018-05-08,15.1,22.22,5.86
2018-05-09,19.05,25.86,9.39
2018-05-10,16.71,21.11,11.97
2018-05-11,11.82,14.14,6.06
2018-05-12,9.97,13.28,7.5
2018-05-13,11.43,14.39,7.22
2018-05-14,14.7,23.14,10.61
2018-05-15,16.68,22.5,12.22
2018-05-16,14.13,20.5,10.61
2018-05-17,16.35,23.58,12.78
2018-05-18,15.03,20.0,10.3
2018-05-19,12.93,15.0,9.2
2018-05-20,16.62,20.61,11.97
2018-05-21,14.72,23.03,8.39
2018-05-22,14.92,18.89,12.22
2018-05-23,16.04,24.39,12.5
2018-05-24,18.16,25.8,10.0
2018-05-25,21.09,27.5,12.78
2018-05-26,21.8,27.22,16.42
2018-05-27,17.59,21.97,13.89
2018-05-28,17.95,24.7,13.14
2018-05-29,20.43,28.0,15.61
2018-05-30,21.78,27.78,15.61
2018-05-31,21.18,24.14,17.22
2018-06-01,21.22,27.78,18.89
2018-06-02,19.42,23.89,15.0
2018-06-03,16.22,20.0,11.11
2018-06-04,13.55,18.89,10.0
2018-06-05,13.95,17.22,10.61
2018-06-06,13.1,17.5,9.5
2018-06-07,15.53,21.72,9.39
2018-06-08,18.74,24.39,12.78
2018-06-09,18.28,24.39,11.72
2018-06-10,17.13,22.22,12.94
2018-06-11,16.59,23.0,10.8
2018-06-12,19.45,25.61,10.0
2018-06-13,19.67,23.89,16.0
2018-06-14,19.16,23.34,14.44
2018-06-15,16.66,22.89,10.8
2018-06-16,20.21,27.78,10.61
2018-06-17,23.62,30.0,13.28
2018-06-18,23.8,32.0,20.0
2018-06-19,21.62,24.39,17.22
2018-06-20,18.84,23.89,13.89
2018-06-21,18.56,24.5,12.89
2018-06-22,19.0,24.0,10.0
2018-06-23,17.33,20.0,15.0
2018-06-24,18.62,22.22,15.61
2018-06-25,17.51,22.78,12.22
2018-06-26,18.67,24.39,8.89
2018-06-27,19.1,21.72,17.0
2018-06-28,20.7,25.0,18.28
2018-06-29,23.12,30.61,17.22
2018-06-30,26.25,32.22,17.78
2018-07-01,27.42,33.89,21.72
2018-07-02,25.6,33.0,21.72
2018-07-03,24.78,30.61,20.61
2018-07-04,25.73,32.0,20.0
2018-07-05,25.96,31.11,22.22
2018-07-06,23.24,26.11,15.0
2018-07-07,19.06,25.0,10.61
2018-07-08,20.82,27.39,12.0
2018-07-09,22.86,29.39,14.39
2018-07-10,23.97,30.0,17.22
2018-07-11,21.67,26.72,16.11
2018-07-12,21.11,27.78,12.78
2018-07-13,23.2,28.94,15.44
2018-07-14,23.44,30.0,19.39
2018-07-15,23.72,30.3,20.61
2018-07-16,23.92,32.0,18.89
2018-07-17,22.53,27.7,20.06
2018-07-18,20.39,24.7,14.7
2018-07-19,19.81,26.72,12.22
2018-07-20,22.78,28.58,14.25
2018-07-21,21.49,25.0,16.06
2018-07-22,21.26,26.86,16.86
2018-07-23,23.57,27.78,21.78
2018-07-24,23.87,27.78,22.0
2018-07-25,22.94,26.06,21.11
2018-07-26,22.17,28.28,19.39
2018-07-27,22.07,27.78,18.89
2018-07-28,21.16,26.72,17.22
2018-07-29,20.57,26.11,15.61
2018-07-30,20.37,26.0,15.0
2018-07-31,21.88,26.72,17.78
2018-08-01,23.44,27.78,21.0
2018-08-02,23.43,27.22,20.61
2018-08-03,22.87,26.72,20.61
2018-08-04,22.4,28.89,18.89
2018-08-05,24.28,31.11,18.28
2018-08-06,25.1,32.22,21.0
2018-08-07,23.72,28.0,21.11
2018-08-08,22.89,27.22,20.0
2018-08-09,22.74,27.78,20.0
2018-08-10,22.06,26.72,17.22
2018-08-11,20.21,25.0,16.11
2018-08-12,21.14,27.22,17.0
2018-08-13,21.39,24.39,18.89
2018-08-14,21.34,26.11,20.0
2018-08-15,23.2,29.39,19.39
2018-08-16,23.65,30.0,19.39
2018-08-17,23.56,28.28,20.61
2018-08-18,21.25,23.89,17.78
2018-08-19,19.26,23.89,16.11
2018-08-20,19.88,24.39,16.11
2018-08-21,21.41,24.14,17.89
2018-08-22,20.82,24.39,17.22
2018-08-23,18.56,24.39,12.22
2018-08-24,19.6,26.72,14.39
2018-08-25,20.25,26.11,15.0
2018-08-26,22.13,26.72,17.0
2018-08-27,23.56,28.89,19.39
2018-08-28,26.18,32.0,22.78
2018-08-29,25.04,32.78,21.72
2018-08-30,22.26,23.89,16.11
2018-08-31,19.46,23.89,14.0
2018-09-01,21.1,25.0,18.28
2018-09-02,23.0,27.22,19.0
2018-09-03,24.05,31.0,21.72
2018-09-04,23.48,30.0,20.0
2018-09-05,25.21,31.72,20.0
2018-09-06,23.7,27.78,19.39
2018-09-07,18.95,23.28,16.72
2018-09-08,15.86,17.22,11.11
2018-09-09,12.71,15.61,9.39
2018-09-10,13.4,15.61,10.61
2018-09-11,18.07,21.11,14.0
2018-09-12,19.56,23.61,17.22
2018-09-13,20.0,26.11,18.28
2018-09-14,20.17,26.11,18.28
2018-09-15,20.52,27.22,17.78
2018-09-16,20.23,28.28,16.72
2018-09-17,20.95,25.3,16.72
2018-09-18,21.21,26.11,18.28
2018-09-19,18.15,22.22,14.39
2018-09-20,15.92,21.72,13.0
2018-09-21,20.5,22.22,18.0
2018-09-22,15.98,20.0,9.39
2018-09-23,12.14,18.28,7.0
2018-09-24,13.54,18.28,8.0
2018-09-25,15.84,20.0,11.72
2018-09-26,20.64,23.28,13.0
2018-09-27,14.56,17.78,8.89
2018-09-28,14.04,18.28,11.11
2018-09-29,12.84,17.78,8.28
2018-09-30,12.51,15.61,6.72
2018-10-01,14.1,15.0,11.0
2018-10-02,16.35,20.61,12.22
2018-10-03,14.99,18.89,12.0
2018-10-04,18.34,22.11,10.0
2018-10-05,12.46,16.11,7.0
2018-10-06,16.34,19.39,10.61
2018-10-07,16.94,21.0,13.0
2018-10-08,15.14,21.11,12.22
2018-10-09,21.01,26.0,18.0
2018-10-10,20.92,26.72,18.89
2018-10-11,20.33,22.78,13.28
2018-10-12,11.16,13.28,7.22
2018-10-13,7.24,10.0,5.0
2018-10-14,7.96,14.39,3.89
2018-10-15,12.08,16.11,5.0
2018-10-16,7.53,11.11,3.89
2018-10-17,7.65,11.11,2.78
2018-10-18,3.72,7.22,0.0
2018-10-19,11.07,15.0,0.61
2018-10-20,10.79,13.28,6.11
2018-10-21,4.38,6.11,1.72
2018-10-22,5.28,8.89,1.11
2018-10-23,7.34,12.22,2.78
2018-10-24,5.49,7.22,3.0
2018-10-25,3.67,5.61,1.0
2018-10-26,4.17,7.78,0.0
2018-10-27,5.23,5.61,2.78
2018-10-28,5.8,7.78,3.28
2018-10-29,7.08,8.89,4.39
2018-10-30,4.71,10.61,0.0
2018-10-31,11.42,16.11,0.0
2018-11-01,10.41,11.72,7.78
2018-11-02,12.2,16.0,8.28
2018-11-03,8.29,8.89,4.39
2018-11-04,5.41,9.39,0.61
2018-11-05,8.41,9.39,5.0
2018-11-06,10.4,15.61,7.78
2018-11-07,10.14,13.28,5.61
2018-11-08,5.81,7.78,2.0
2018-11-09,4.14,5.0,-0.78
2018-11-10,2.76,5.0,-1.11
2018-11-11,0.72,3.28,-2.22
2018-11-12,3.91,7.22,-2.78
2018-11-13,3.22,3.89,-1.11
2018-11-14,-1.9,0.0,-5.0
2018-11-15,-2.42,-1.0,-5.0
2018-11-16,0.73,3.0,-2.78
2018-11-17,3.29,3.89,0.5
2018-11-18,1.03,1.72,-1.72
2018-11-19,2.52,4.39,0.0
2018-11-20,1.52,2.22,-1.72
2018-11-21,-0.63,1.72,-9.39
2018-11-22,-10.14,-7.22,-14.39
2018-11-23,-4.59,-1.42,-14.7
2018-11-24,3.24,5.0,-6.0
2018-11-25,5.01,7.22,2.22
2018-11-26,4.98,6.72,1.72
2018-11-27,1.94,3.28,0.0
2018-11-28,1.32,2.22,0.0
2018-11-29,1.45,2.78,0.0
2018-11-30,1.16,1.72,-1.0
2018-12-01,1.52,4.0,-1.0
2018-12-02,7.15,9.39,2.78
2018-12-03,4.97,8.61,0.0
2018-12-04,-1.13,0.0,-6.72
2018-12-05,-3.19,0.0,-7.28
2018-12-06,0.14,2.22,-5.0
2018-12-07,-3.03,-1.0,-7.22
2018-12-08,-5.03,-1.72,-8.28
2018-12-09,-3.11,0.61,-7.22
2018-12-10,-2.44,0.61,-7.0
2018-12-11,-2.28,-0.61,-7.0
2018-12-12,-1.56,1.11,-4.39
2018-12-13,-0.72,1.72,-2.0
2018-12-14,4.98,7.22,0.0
2018-12-15,4.57,6.11,1.11
2018-12-16,2.02,3.28,0.61
2018-12-17,1.93,3.89,-1.11
2018-12-18,-3.79,-1.72,-6.72
2018-12-19,-1.41,3.89,-7.78
2018-12-20,4.46,7.78,-3.28
2018-12-21,9.68,15.0,3.61
2018-12-22,1.68,5.0,-0.61
2018-12-23,-0.25,1.72,-2.0
2018-12-24,-0.14,2.22,-1.11
2018-12-25,-2.17,0.0,-3.94
2018-12-26,-0.7,1.72,-4.39
2018-12-27,-1.04,3.28,-3.89
2018-12-28,7.83,11.11,2.78
2018-12-29,3.09,8.28,-3.28
2018-12-30,-1.94,1.0,-4.39
2018-12-31,3.36,7.0,-3.28
2019-01-01,4.22,12.11,-2.22
2019-01-02,-1.42,1.11,-3.28
2019-01-03,0.5,2.78,-1.0
2019-01-04,2.14,6.11,-2.78
2019-01-05,2.37,5.0,-2.0
2019-01-06,1.5,5.0,-5.61
2019-01-07,-4.92,0.0,-8.0
2019-01-08,3.5,5.61,-0.61
2019-01-09,1.43,3.89,-2.22
2019-01-10,-3.83,-2.22,-8.0
2019-01-11,-9.15,-6.72,-11.72
2019-01-12,-7.09,-4.39,-10.0
2019-01-13,-8.29,-4.39,-11.72
2019-01-14,-7.42,-2.0,-13.0
2019-01-15,-3.36,-0.61,-8.89
2019-01-16,-1.22,1.72,-9.39
2019-01-17,-6.16,-2.22,-13.0
2019-01-18,-1.81,0.61,-5.0
2019-01-19,-6.66,-2.78,-8.89
2019-01-20,-8.4,-6.0,-17.78
2019-01-21,-16.71,-13.0,-20.0
2019-01-22,-10.8,-3.89,-16.72
2019-01-23,1.19,6.72,-6.11
2019-01-24,3.29,7.22,-2.22
2019-01-25,-3.11,-1.11,-9.39
2019-01-26,-7.24,-5.61,-11.11
2019-01-27,-1.44,0.0,-10.0
2019-01-28,-8.46,-2.78,-13.28
2019-01-29,-3.0,-1.72,-9.39
2019-01-30,-10.72,-6.11,-18.28
2019-01-31,-15.11,-11.72,-19.39
2019-02-01,-14.13,-8.89,-19.0
2019-02-02,-3.22,0.0,-16.72
2019-02-03,1.64,8.0,-2.0
2019-02-04,5.71,13.28,2.0
2019-02-05,5.08,11.72,-1.72
2019-02-06,1.12,4.0,-3.0
2019-02-07,2.73,6.72,1.11
2019-02-08,0.52,10.61,-6.72
2019-02-09,-6.25,-3.89,-8.89
2019-02-10,-4.11,-1.72,-9.39
2019-02-11,-3.53,-0.61,-5.0
2019-02-12,-4.75,0.0,-6.0
2019-02-13,-1.53,1.72,-4.39
2019-02-14,-1.28,3.89,-4.39
2019-02-15,4.37,8.89,-2.0
2019-02-16,-1.55,-0.61,-6.72
2019-02-17,-3.99,-1.11,-9.0
2019-02-18,-4.58,-3.0,-8.89
2019-02-19,-7.96,-5.0,-14.39
2019-02-20,-3.25,0.0,-10.61
2019-02-21,1.7,5.0,-1.0
2019-02-22,0.4,1.72,-3.28
2019-02-23,0.81,3.72,-5.0
2019-02-24,3.06,7.78,-0.61
2019-02-25,-2.04,0.0,-6.72
2019-02-26,-6.9,-5.61,-8.94
2019-02-27,-8.5,-5.61,-10.61
2019-02-28,-7.77,-5.0,-11.72
2019-03-01,-2.78,1.72,-9.0
2019-03-02,-0.87,2.22,-3.0
2019-03-03,-1.81,0.0,-3.89
2019-03-04,-3.78,-3.0,-10.61
2019-03-05,-7.97,-5.0,-13.89
2019-03-06,-9.89,-7.78,-13.28
2019-03-07,-8.53,-4.39,-14.39
2019-03-08,-4.8,1.0,-13.28
2019-03-09,-0.51,6.11,-10.0
2019-03-10,2.3,5.0,0.3
2019-03-11,3.25,4.0,-0.61
2019-03-12,-0.52,2.0,-4.28
2019-03-13,2.72,6.72,-6.0
2019-03-14,9.1,13.89,3.89
2019-03-15,10.02,14.39,4.39
2019-03-16,2.7,4.39,-1.72
2019-03-17,-1.56,1.11,-4.39
2019-03-18,-0.93,2.78,-6.72
2019-03-19,-0.26,5.0,-5.0
2019-03-20,4.43,9.7,-3.94
2019-03-21,4.88,7.78,2.89
2019-03-22,2.9,4.0,-2.22
2019-03-23,-0.77,2.78,-4.39
2019-03-24,4.91,9.44,-1.97
2019-03-25,2.68,5.0,-2.78
2019-03-26,-0.29,3.89,-6.0
2019-03-27,2.08,7.78,-6.11
2019-03-28,7.94,11.72,0.0
2019-03-29,7.29,11.0,4.39
2019-03-30,9.74,16.72,4.39
2019-03-31,4.46,12.78,-1.11
2019-04-01,-0.64,3.28,-4.0
2019-04-02,4.8,9.0,-4.39
2019-04-03,5.84,12.22,0.61
2019-04-04,3.31,5.61,-2.22
2019-04-05,2.05,5.0,-2.0
2019-04-06,6.01,14.39,2.78
2019-04-07,11.66,18.28,3.28
2019-04-08,11.27,18.0,7.78
2019-04-09,7.03,13.0,4.39
2019-04-10,3.81,6.72,0.0
2019-04-11,4.27,8.28,-0.61
2019-04-12,12.57,17.22,5.61
2019-04-13,13.47,19.39,9.0
2019-04-14,9.65,16.11,5.61
2019-04-15,7.78,15.61,3.28
2019-04-16,7.21,11.11,1.11
2019-04-17,7.68,15.39,2.0
2019-04-18,13.08,16.72,8.28
2019-04-19,14.9,20.61,7.78
2019-04-20,11.6,17.0,7.78
2019-04-21,10.78,15.22,7.22
2019-04-22,11.54,16.72,8.0
2019-04-23,13.3,22.22,7.22
2019-04-24,10.04,13.28,5.61
2019-04-25,11.19,16.72,2.78
2019-04-26,11.33,15.0,8.28
2019-04-27,5.98,8.28,1.72
2019-04-28,5.29,8.89,1.11
2019-04-29,7.18,11.11,-1.72
2019-04-30,7.48,11.11,5.0
2019-05-01,10.4,12.22,6.11
2019-05-02,10.92,17.78,8.89
2019-05-03,11.01,13.28,8.28
2019-05-04,11.13,15.0,9.0
2019-05-05,10.51,14.39,8.7
2019-05-06,13.1,20.61,8.89
2019-05-07,12.05,16.11,7.0
2019-05-08,9.95,16.11,5.0
2019-05-09,13.31,16.11,6.72
2019-05-10,14.41,20.0,10.0
2019-05-11,11.37,15.0,6.72
2019-05-12,7.27,10.61,5.8
2019-05-13,6.95,9.39,5.61
2019-05-14,6.71,9.0,5.0
2019-05-15,10.13,18.28,4.39
2019-05-16,13.06,18.89,7.22
2019-05-17,15.42,20.0,10.0
2019-05-18,14.65,20.61,6.11
2019-05-19,19.74,27.22,12.22
2019-05-20,18.5,23.28,11.11
2019-05-21,12.45,17.78,7.22
2019-05-22,15.79,20.61,5.61
2019-05-23,17.66,22.0,12.78
2019-05-24,15.89,19.0,11.11
2019-05-25,16.52,21.72,8.89
2019-05-26,19.02,26.11,13.89
2019-05-27,17.31,23.89,10.0
2019-05-28,14.2,17.78,11.39
2019-05-29,13.17,17.72,11.11
2019-05-30,15.78,20.61,11.72
2019-05-31,16.2,21.72,13.28
2019-06-01,17.47,24.0,11.72
2019-06-02,16.35,20.0,11.72
2019-06-03,12.3,16.11,6.72
2019-06-04,14.51,19.39,6.11
2019-06-05,18.7,23.28,15.0
2019-06-06,18.0,23.0,13.28
2019-06-07,17.15,25.0,10.61
2019-06-08,18.88,25.61,11.11
2019-06-09,19.63,26.11,11.72
2019-06-10,18.31,21.72,12.22
2019-06-11,16.74,21.11,11.72
2019-06-12,17.31,23.28,8.89
2019-06-13,14.82,17.22,12.78
2019-06-14,15.08,20.61,11.11
2019-06-15,18.56,23.28,12.78
2019-06-16,17.53,19.89,14.0
2019-06-17,17.61,23.5,12.22
2019-06-18,18.89,23.28,15.61
2019-06-19,19.66,25.0,16.0
2019-06-20,19.5,22.0,16.72
2019-06-21,17.82,23.28,15.0
2019-06-22,18.87,24.39,12.22
2019-06-23,20.46,26.72,11.72
2019-06-24,21.57,27.22,12.78
2019-06-25,21.09,26.72,18.28
2019-06-26,21.87,28.89,16.11
2019-06-27,22.5,28.89,16.0
2019-06-28,23.97,30.61,16.11
2019-06-29,23.09,28.28,19.39
2019-06-30,20.13,23.89,15.86
2019-07-01,21.03,26.72,13.28
2019-07-02,22.16,26.72,17.22
2019-07-03,22.9,29.39,18.28
2019-07-04,23.81,31.11,18.28
2019-07-05,24.78,30.0,21.11
2019-07-06,24.13,28.89,21.72
2019-07-07,21.48,25.61,16.72
2019-07-08,19.55,26.0,13.89
2019-07-09,21.31,28.89,13.28
2019-07-10,23.92,31.0,15.61
2019-07-11,23.31,28.28,21.0
2019-07-12,21.25,24.39,18.28
2019-07-13,22.82,28.28,16.72
2019-07-14,23.11,27.22,17.78
2019-07-15,21.23,27.22,14.39
2019-07-16,23.78,31.0,16.72
2019-07-17,23.66,27.78,21.11
2019-07-18,22.15,27.22,20.61
2019-07-19,25.51,31.11,20.61
2019-07-20,27.3,32.78,23.89
2019-07-21,26.6,30.61,21.11
2019-07-22,20.44,21.72,18.0
2019-07-23,19.13,24.0,16.72
2019-07-24,19.4,25.61,13.89
2019-07-25,20.62,27.22,13.89
2019-07-26,21.76,28.89,15.0
2019-07-27,22.7,29.39,16.72
2019-07-28,24.04,28.72,20.0
2019-07-29,24.46,31.11,20.0
2019-07-30,23.92,30.61,20.61
2019-07-31,21.93,27.22,18.28
2019-08-01,20.77,27.78,15.86
2019-08-02,21.35,27.78,13.94
2019-08-03,21.76,28.28,17.22
2019-08-04,20.95,26.72,15.86
2019-08-05,20.19,27.22,12.22
2019-08-06,21.06,28.14,17.25
2019-08-07,21.6,26.11,18.94
2019-08-08,20.49,27.3,18.28
2019-08-09,20.12,25.3,15.42
2019-08-10,19.05,23.28,13.89
2019-08-11,19.13,25.72,11.72
2019-08-12,22.27,28.28,15.61
2019-08-13,21.82,26.0,18.89
2019-08-14,20.18,26.0,16.97
2019-08-15,20.11,26.72,15.0
2019-08-16,20.83,26.0,16.72
2019-08-17,20.78,27.22,17.78
2019-08-18,21.56,29.14,18.28
2019-08-19,22.39,28.28,18.89
2019-08-20,21.88,29.14,16.72
2019-08-21,22.8,27.78,20.0
2019-08-22,21.66,25.0,17.22
2019-08-23,17.92,22.78,13.28
2019-08-24,16.74,21.72,11.72
2019-08-25,16.56,23.28,11.11
2019-08-26,16.66,23.89,11.11
2019-08-27,19.01,23.0,13.0
2019-08-28,19.98,22.78,16.72
2019-08-29,18.36,23.89,14.39
2019-08-30,20.18,25.61,14.0
2019-08-31,17.26,22.78,11.11
2019-09-01,17.88,22.78,11.72
2019-09-02,19.12,22.78,16.11
2019-09-03,18.48,25.61,14.0
2019-09-04,20.86,24.39,15.0
2019-09-05,15.57,21.72,10.61
2019-09-06,15.16,21.72,10.0
2019-09-07,15.94,21.11,12.22
2019-09-08,16.12,20.61,11.72
2019-09-09,14.61,20.61,10.61
2019-09-10,19.45,24.39,10.0
2019-09-11,22.09,27.78,18.89
2019-09-12,17.5,20.0,11.72
2019-09-13,15.82,21.0,9.39
2019-09-14,18.41,21.72,14.39
2019-09-15,17.38,23.28,12.78
2019-09-16,16.28,22.22,12.78
2019-09-17,13.88,22.78,8.28
2019-09-18,13.64,20.61,8.28
2019-09-19,12.19,21.11,6.72
2019-09-20,15.42,25.0,8.0
2019-09-21,17.4,26.72,11.11
2019-09-22,21.11,28.28,13.89
2019-09-23,21.85,25.61,17.22
2019-09-24,17.12,20.0,12.78
2019-09-25,16.67,24.39,10.0
2019-09-26,16.42,21.2,10.61
2019-09-27,15.59,22.22,8.14
2019-09-28,19.91,25.0,14.39
2019-09-29,16.14,18.89,11.42
2019-09-30,15.02,18.28,10.61
2019-10-01,19.98,26.72,16.11
2019-10-02,18.56,23.0,10.61
2019-10-03,10.55,13.89,8.89
2019-10-04,10.39,13.89,6.0
2019-10-05,7.82,14.39,1.11
2019-10-06,16.13,18.89,8.28
2019-10-07,15.59,17.78,11.11
2019-10-08,11.5,17.22,7.22
2019-10-09,9.74,16.06,5.3
2019-10-10,10.93,18.89,5.61
2019-10-11,11.94,19.0,6.0
2019-10-12,12.33,16.0,6.11
2019-10-13,10.63,17.22,4.22
2019-10-14,10.55,16.11,5.61
2019-10-15,8.74,15.61,2.78
2019-10-16,11.84,16.72,5.61
2019-10-17,8.97,10.0,7.78
2019-10-18,7.95,10.61,4.39
2019-10-19,6.35,14.0,0.61
2019-10-20,9.09,15.39,3.28
2019-10-21,9.81,18.28,5.0
2019-10-22,13.09,15.0,10.0
2019-10-23,11.5,15.61,6.61
2019-10-24,10.87,18.14,5.0
2019-10-25,9.67,12.22,5.86
2019-10-26,9.43,13.89,5.0
2019-10-27,12.05,16.06,9.94
2019-10-28,11.65,16.72,7.78
2019-10-29,12.41,16.11,10.0
2019-10-30,13.8,16.11,12.22
2019-10-31,16.74,20.0,13.0
2019-11-01,6.49,12.22,2.22
2019-11-02,4.58,9.39,1.11
2019-11-03,4.33,7.22,0.61
2019-11-04,8.59,11.11,-0.61
2019-11-05,8.98,11.11,3.89
2019-11-06,4.75,8.0,0.0
2019-11-07,3.67,7.22,-2.22
2019-11-08,-1.84,0.0,-5.61
2019-11-09,0.11,3.28,-6.72
2019-11-10,4.56,7.78,-0.61
2019-11-11,3.11,5.0,-2.0
2019-11-12,-2.42,-2.0,-8.0
2019-11-13,-6.53,-3.89,-9.39
2019-11-14,-0.03,2.22,-6.0
2019-11-15,2.67,4.39,-1.72
2019-11-16,-3.28,0.0,-6.72
2019-11-17,0.49,4.39,-8.0
2019-11-18,2.28,5.0,0.0
2019-11-19,2.48,5.0,0.61
2019-11-20,2.67,5.5,0.0
2019-11-21,4.45,9.39,-1.0
2019-11-22,5.45,10.0,-0.61
2019-11-23,1.72,5.61,-3.28
2019-11-24,3.16,5.61,1.0
2019-11-25,5.06,9.39,2.0
2019-11-26,5.97,13.89,1.11
2019-11-27,7.45,13.28,1.11
2019-11-28,3.66,5.61,-1.11
2019-11-29,-1.27,0.0,-2.78
2019-11-30,-2.76,1.0,-5.61
2019-12-01,-2.13,0.0,-7.0
2019-12-02,-0.59,0.0,-2.78
2019-12-03,-2.16,1.11,-6.11
2019-12-04,0.62,2.0,-2.0
2019-12-05,0.44,2.22,-1.11
2019-12-06,0.0,2.22,-3.0
2019-12-07,-3.06,-0.61,-8.89
2019-12-08,0.5,4.39,-10.8
2019-12-09,5.96,8.89,3.28
2019-12-10,6.21,10.61,-2.78
2019-12-11,-2.66,0.61,-6.72
2019-12-12,-3.82,0.0,-9.0
2019-12-13,3.42,5.0,-2.78
2019-12-14,5.87,7.22,1.11
2019-12-15,2.36,3.28,-3.28
2019-12-16,-2.32,0.61,-4.0
2019-12-17,-1.69,-1.0,-3.28
2019-12-18,-3.91,-1.0,-11.11
2019-12-19,-10.52,-7.22,-12.78
2019-12-20,-8.94,-4.39,-12.22
2019-12-21,-5.42,0.0,-11.11
2019-12-22,1.01,6.72,-6.0
2019-12-23,4.22,10.0,0.0
2019-12-24,1.3,4.39,-4.0
2019-12-25,-0.2,6.72,-4.56
2019-12-26,2.8,6.11,-1.72
2019-12-27,6.81,10.61,3.0
2019-12-28,3.36,5.61,-1.11
2019-12-29,2.52,4.7,-2.78
2019-12-30,3.39,5.0,1.72
2019-12-31,1.79,3.94,0.0
2020-01-01,0.28,1.11,-1.72
2020-01-02,4.35,8.0,-2.22
2020-01-03,5.94,8.0,3.89
2020-01-04,3.49,5.0,0.61
2020-01-05,-0.22,1.11,-2.0
2020-01-06,0.27,3.28,-3.0
2020-01-07,0.32,2.0,-3.78
2020-01-08,-1.96,1.11,-6.72
2020-01-09,-5.97,-1.11,-10.0
2020-01-10,4.78,8.0,-1.72
2020-01-11,12.53,16.72,5.0
2020-01-12,6.66,16.72,-1.72
2020-01-13,1.81,5.0,-2.0
2020-01-14,2.65,6.72,-1.72
2020-01-15,3.49,6.11,-0.22
2020-01-16,1.57,4.39,-6.72
2020-01-17,-9.56,-6.72,-12.22
2020-01-18,-5.77,1.72,-10.61
2020-01-19,-2.48,2.22,-8.28
2020-01-20,-8.72,-6.11,-12.22
2020-01-21,-6.71,-2.22,-13.0
2020-01-22,-4.03,1.11,-7.78
2020-01-23,-1.18,3.89,-7.22
2020-01-24,2.46,8.0,-3.28
2020-01-25,3.03,5.61,0.61
2020-01-26,2.07,3.28,0.0
2020-01-27,1.86,2.22,0.0
2020-01-28,0.4,0.86,-1.11
2020-01-29,-2.82,-0.61,-7.78
2020-01-30,-5.05,0.0,-9.39
2020-01-31,-0.08,1.11,-5.3
2020-02-01,-0.24,1.11,-2.11
2020-02-02,0.29,2.22,-2.22
2020-02-03,2.68,8.28,-0.61
2020-02-04,3.27,6.72,-0.89
2020-02-05,-0.51,1.11,-3.28
2020-02-06,-0.46,1.0,-3.89
2020-02-07,-1.23,0.0,-6.72
2020-02-08,-6.55,-4.0,-11.0
2020-02-09,-1.55,1.72,-9.39
2020-02-10,2.76,4.0,0.0
2020-02-11,1.87,2.22,0.0
2020-02-12,1.55,3.28,-1.11
2020-02-13,0.87,2.22,-4.8
2020-02-14,-9.44,-6.86,-16.42
2020-02-15,-6.33,-1.11,-16.86
2020-02-16,0.48,3.28,-2.94
2020-02-17,-1.09,2.22,-4.39
2020-02-18,1.77,5.8,-2.0
2020-02-19,0.36,2.22,-5.0
2020-02-20,-5.43,-2.78,-8.28
2020-02-21,-4.72,-0.61,-11.11
2020-02-22,-0.2,4.39,-5.89
2020-02-23,2.83,8.89,-3.28
2020-02-24,4.9,11.11,-0.61
2020-02-25,4.29,6.11,1.72
2020-02-26,3.11,5.0,1.0
2020-02-27,-0.36,5.0,-4.39
2020-02-28,-3.27,-1.72,-5.61
2020-02-29,-5.77,-4.39,-9.39
2020-03-01,-2.66,3.28,-8.28
2020-03-02,7.06,10.61,-0.61
2020-03-03,7.04,11.72,3.89
2020-03-04,4.64,7.22,1.11
2020-03-05,2.44,7.22,-1.11
2020-03-06,1.59,7.0,-2.22
2020-03-07,-0.62,2.78,-4.39
2020-03-08,6.25,12.78,-2.22
2020-03-09,12.07,18.89,6.72
2020-03-10,10.74,14.39,2.78
2020-03-11,3.58,6.72,-1.72
2020-03-12,5.88,9.39,0.61
2020-03-13,8.25,12.78,3.89
2020-03-14,3.91,6.11,1.11
2020-03-15,1.46,5.0,-2.78
2020-03-16,2.57,7.22,-6.72
2020-03-17,4.49,7.22,1.11
2020-03-18,5.27,10.0,-2.5
2020-03-19,6.51,10.0,3.28
2020-03-20,10.73,20.0,3.28
2020-03-21,1.28,3.0,-4.39
2020-03-22,-0.03,4.39,-6.72
2020-03-23,1.36,2.78,0.0
2020-03-24,2.06,5.0,0.0
2020-03-25,3.62,7.22,0.0
2020-03-26,7.1,15.0,0.61
2020-03-27,7.09,12.78,2.22
2020-03-28,6.51,9.39,1.11
2020-03-29,8.73,10.61,6.72
2020-03-30,6.35,9.28,4.61
2020-03-31,4.86,8.0,3.0
2020-04-01,4.46,9.0,0.61
2020-04-02,6.04,11.72,0.0
2020-04-03,6.76,9.0,3.89
2020-04-04,7.94,12.78,5.61
2020-04-05,8.79,13.0,4.0
2020-04-06,8.01,14.39,0.61
2020-04-07,9.9,16.11,3.89
2020-04-08,8.29,13.0,5.61
2020-04-09,6.05,9.39,2.0
2020-04-10,3.19,5.61,1.11
2020-04-11,3.97,8.0,-0.61
2020-04-12,11.07,16.0,0.0
2020-04-13,13.37,17.22,6.0
2020-04-14,6.01,8.89,2.78
2020-04-15,2.95,6.11,-1.11
2020-04-16,2.09,4.39,-2.22
2020-04-17,2.38,6.72,-2.0
2020-04-18,2.88,7.78,0.0
2020-04-19,8.34,13.89,0.0
2020-04-20,5.23,10.0,-1.06
2020-04-21,4.52,9.39,-1.11
2020-04-22,1.24,5.0,-2.22
2020-04-23,3.81,8.78,-2.0
2020-04-24,6.55,10.61,3.0
2020-04-25,9.5,16.11,2.22
2020-04-26,6.69,10.0,4.0
2020-04-27,5.54,8.28,2.78
2020-04-28,7.81,15.0,1.72
2020-04-29,11.46,16.0,5.0
2020-04-30,11.39,15.0,8.28
2020-05-01,11.17,15.3,8.0
2020-05-02,13.56,19.39,5.61
2020-05-03,15.99,23.28,10.0
2020-05-04,10.24,11.11,4.7
2020-05-05,7.02,11.72,0.61
2020-05-06,7.08,11.72,1.11
2020-05-07,8.74,15.61,1.72
2020-05-08,4.48,8.89,0.0
2020-05-09,1.64,5.0,-1.11
2020-05-10,8.05,13.0,1.72
2020-05-11,6.82,11.0,3.28
2020-05-12,5.64,9.39,0.61
2020-05-13,7.44,13.89,-1.11
2020-05-14,13.47,18.28,1.72
2020-05-15,16.44,25.61,12.0
2020-05-16,14.59,18.89,10.0
2020-05-17,13.38,19.39,7.78
2020-05-18,13.94,18.89,11.72
2020-05-19,14.87,20.0,10.61
2020-05-20,13.89,21.11,7.22
2020-05-21,15.11,23.0,5.0
2020-05-22,18.54,24.39,10.0
2020-05-23,17.9,23.28,14.0
2020-05-24,18.0,23.94,10.8
2020-05-25,18.13,25.0,13.89
2020-05-26,20.97,30.0,15.61
2020-05-27,21.51,27.78,16.11
2020-05-28,21.32,24.39,17.22
2020-05-29,20.3,27.22,16.72
2020-05-30,16.86,21.11,11.72
2020-05-31,12.19,14.39,6.72
