,temp,max_temp,min_temp
2015-01-01,10.1,12.0,7.0
2015-01-02,6.61,11.0,3.0
2015-01-03,4.45,6.0,1.0
2015-01-04,2.81,5.0,-1.0
2015-01-05,7.99,9.0,4.0
2015-01-06,6.73,9.0,3.0
2015-01-07,8.05,10.0,2.5
2015-01-08,7.02,10.0,5.0
2015-01-09,9.44,14.0,7.0
2015-01-10,6.52,13.0,3.0
2015-01-11,6.45,8.0,3.0
2015-01-12,8.03,11.0,5.0
2015-01-13,4.61,7.0,2.0
2015-01-14,4.32,8.0,1.0
2015-01-15,6.3,9.0,4.0
2015-01-16,3.31,6.0,0.0
2015-01-17,2.46,5.0,-1.0
2015-01-18,2.15,4.0,-1.0
2015-01-19,0.9,3.0,-2.0
2015-01-20,1.83,3.0,-2.0
2015-01-21,2.64,4.0,1.0
2015-01-22,1.92,4.0,-1.0
2015-01-23,4.08,7.0,-1.0
2015-01-24,4.36,7.0,2.0
2015-01-25,7.32,9.0,2.0
2015-01-26,6.9,9.0,4.0
2015-01-27,6.66,8.0,4.0
2015-01-28,4.84,9.0,2.0
2015-01-29,2.19,4.0,0.0
2015-01-30,2.95,6.0,0.0
2015-01-31,3.19,5.0,1.0
2015-02-01,2.76,4.0,-1.0
2015-02-02,0.72,3.0,-2.0
2015-02-03,1.27,4.0,-1.0
2015-02-04,2.38,5.0,0.0
2015-02-05,3.31,6.0,0.5
2015-02-06,2.54,5.0,-1.0
2015-02-07,3.74,6.0,1.0
2015-02-08,3.96,8.0,0.0
2015-02-09,4.8,9.0,1.0
2015-02-10,4.19,6.0,1.0
2015-02-11,4.22,5.0,3.0
2015-02-12,4.27,6.0,2.0
2015-02-13,6.36,8.0,3.0
2015-02-14,6.33,8.0,4.0
2015-02-15,6.07,8.0,3.5
2015-02-16,5.57,7.05,3.0
2015-02-17,5.29,8.0,1.0
2015-02-18,7.68,10.0,4.0
2015-02-19,6.87,8.0,4.0
2015-02-20,4.4,7.0,2.0
2015-02-21,3.09,6.35,0.0
2015-02-22,4.24,8.0,0.0
2015-02-23,4.56,7.0,3.0
2015-02-24,5.34,8.0,3.0
2015-02-25,8.03,10.0,4.0
2015-02-26,7.57,11.0,2.0
2015-02-27,5.4,8.0,1.0
2015-02-28,8.21,10.0,6.0
2015-03-01,6.55,9.0,3.0
2015-03-02,3.69,7.0,2.0
2015-03-03,4.25,7.0,2.0
2015-03-04,5.69,9.0,2.0
2015-03-05,7.73,10.0,2.0
2015-03-06,8.23,11.0,6.0
2015-03-07,9.74,14.0,7.5
2015-03-08,8.02,11.0,3.7
2015-03-09,7.26,10.0,1.0
2015-03-10,6.46,10.0,2.0
2015-03-11,7.35,10.0,2.0
2015-03-12,8.34,12.0,5.0
2015-03-13,6.18,9.0,3.0
2015-03-14,4.84,7.0,2.0
2015-03-15,5.49,7.0,4.0
2015-03-16,5.73,7.5,4.0
2015-03-17,6.1,9.0,3.0
2015-03-18,5.93,10.0,1.0
2015-03-19,6.61,8.0,4.0
2015-03-20,7.62,12.0,4.0
2015-03-21,6.52,9.0,4.0
2015-03-22,6.23,9.0,2.0
2015-03-23,7.35,10.0,2.0
2015-03-24,5.09,9.0,1.0
2015-03-25,5.25,9.0,0.0
2015-03-26,6.99,11.0,3.0
2015-03-27,7.08,11.0,2.0
2015-03-28,9.67,13.0,7.0
2015-03-29,8.13,10.0,6.0
2015-03-30,7.16,11.0,4.0
2015-03-31,7.49,10.0,4.0
2015-04-01,6.59,9.0,3.15
2015-04-02,6.95,10.0,5.0
2015-04-03,7.94,10.0,6.0
2015-04-04,8.09,10.0,6.0
2015-04-05,8.35,12.0,5.0
2015-04-06,8.93,15.0,3.0
2015-04-07,9.82,16.0,4.0
2015-04-08,10.29,15.0,4.0
2015-04-09,10.44,17.0,4.0
2015-04-10,12.13,18.0,5.0
2015-04-11,9.03,12.0,5.0
2015-04-12,8.11,13.0,3.0
2015-04-13,9.98,13.0,2.0
2015-04-14,11.81,17.0,7.95
2015-04-15,11.41,15.0,6.5
2015-04-16,9.82,13.0,6.0
2015-04-17,9.38,13.0,5.0
2015-04-18,8.69,14.0,4.0
2015-04-19,7.94,11.0,4.0
2015-04-20,9.69,15.0,2.0
2015-04-21,11.15,16.3,3.0
2015-04-22,10.67,16.0,4.5
2015-04-23,10.06,16.0,5.0
2015-04-24,11.35,15.0,5.0
2015-04-25,9.93,15.0,6.0
2015-04-26,7.05,11.0,3.0
2015-04-27,6.57,11.0,1.0
2015-04-28,7.4,11.0,3.0
2015-04-29,7.69,12.0,5.0
2015-04-30,8.47,12.0,3.45
2015-05-01,7.48,11.0,2.0
2015-05-02,8.4,11.0,4.0
2015-05-03,11.21,17.0,8.5
2015-05-04,11.77,16.0,9.0
2015-05-05,11.32,14.0,9.0
2015-05-06,9.83,12.0,8.0
2015-05-07,9.59,13.0,6.0
2015-05-08,10.44,14.0,6.0
2015-05-09,10.87,13.0,8.0
2015-05-10,12.86,16.0,8.0
2015-05-11,13.91,18.0,11.0
2015-05-12,11.36,15.0,8.0
2015-05-13,11.02,15.0,5.0
2015-05-14,9.2,11.0,7.0
2015-05-15,11.22,14.0,6.15
2015-05-16,11.71,14.0,8.0
2015-05-17,10.87,14.0,6.0
2015-05-18,9.38,12.0,7.0
2015-05-19,8.94,12.0,6.0
2015-05-20,10.7,14.0,6.0
2015-05-21,12.56,16.0,7.0
2015-05-22,13.69,18.0,9.0
2015-05-23,12.86,16.0,9.0
2015-05-24,12.56,16.0,9.0
2015-05-25,11.8,14.0,8.0
2015-05-26,12.27,16.0,8.0
2015-05-27,11.6,16.0,6.0
2015-05-28,11.12,14.0,8.0
2015-05-29,9.62,13.0,7.0
2015-05-30,11.43,15.0,6.0
2015-05-31,11.11,13.5,6.5
2015-06-01,10.32,13.0,6.0
2015-06-02,12.67,16.0,10.0
2015-06-03,12.83,16.0,8.1
2015-06-04,14.69,20.0,6.3
2015-06-05,14.63,20.0,10.0
2015-06-06,12.63,16.0,8.0
2015-06-07,12.9,17.0,7.0
2015-06-08,12.04,15.0,7.0
2015-06-09,12.08,15.0,6.0
2015-06-10,13.01,17.0,7.0
2015-06-11,15.59,20.5,8.0
2015-06-12,15.27,20.0,10.0
2015-06-13,12.98,15.0,12.0
2015-06-14,12.18,15.0,10.0
2015-06-15,13.15,17.0,8.0
2015-06-16,15.66,20.0,10.0
2015-06-17,16.03,19.5,11.0
2015-06-18,13.73,17.0,10.0
2015-06-19,13.61,16.0,9.0
2015-06-20,14.87,19.0,11.7
2015-06-21,13.84,17.0,11.0
2015-06-22,12.35,16.0,10.0
2015-06-23,13.53,17.0,10.0
2015-06-24,15.62,20.0,10.0
2015-06-25,16.65,22.0,11.0
2015-06-26,16.34,20.0,13.0
2015-06-27,17.13,21.0,12.0
2015-06-28,15.8,20.0,13.0
2015-06-29,17.24,21.0,12.0
2015-06-30,21.21,27.0,14.0
2015-07-01,23.32,29.0,17.0
2015-07-02,17.98,23.0,13.0
2015-07-03,18.09,23.5,11.0
2015-07-04,17.96,23.0,14.0
2015-07-05,15.4,20.0,11.0
2015-07-06,16.15,19.0,11.0
2015-07-07,16.08,20.0,13.7
2015-07-08,14.28,17.0,11.0
2015-07-09,14.52,19.0,10.0
2015-07-10,17.7,23.5,11.0
2015-07-11,17.4,21.0,14.0
2015-07-12,16.19,19.0,14.0
2015-07-13,15.95,18.0,14.0
2015-07-14,15.67,20.0,15.0
2015-07-15,15.57,19.0,12.0
2015-07-16,16.79,21.0,10.0
2015-07-17,16.68,20.0,13.0
2015-07-18,15.98,20.0,11.0
2015-07-19,15.4,19.0,12.0
2015-07-20,16.74,21.0,11.0
2015-07-21,17.13,20.0,12.5
2015-07-22,15.37,18.0,11.0
2015-07-23,15.09,18.0,10.0
2015-07-24,13.44,16.0,11.0
2015-07-25,14.06,18.0,10.0
2015-07-26,13.21,16.0,10.0
2015-07-27,14.38,17.0,13.0
2015-07-28,13.54,16.0,11.0
2015-07-29,13.36,17.0,10.0
2015-07-30,13.25,16.0,9.0
2015-07-31,14.72,19.0,7.0
2015-08-01,14.83,19.0,10.0
2015-08-02,16.98,22.0,11.0
2015-08-03,17.84,21.0,14.0
2015-08-04,16.0,19.0,12.5
2015-08-05,16.01,19.0,13.0
2015-08-06,16.42,20.5,12.0
2015-08-07,15.98,20.0,10.0
2015-08-08,17.3,23.0,11.0
2015-08-09,17.63,22.0,13.0
2015-08-10,17.32,21.0,13.0
2015-08-11,15.3,19.0,11.0
2015-08-12,16.6,21.0,12.0
2015-08-13,16.7,20.0,13.0
2015-08-14,15.33,17.0,14.0
2015-08-15,14.45,18.0,10.0
2015-08-16,14.99,19.0,9.0
2015-08-17,15.93,20.0,10.0
2015-08-18,15.21,17.0,12.0
2015-08-19,15.81,19.0,13.0
2015-08-20,17.69,21.0,15.0
2015-08-21,18.65,22.0,16.0
2015-08-22,18.83,24.0,14.0
2015-08-23,17.43,22.0,13.0
2015-08-24,14.98,17.5,12.0
2015-08-25,14.93,18.0,11.0
2015-08-26,15.7,19.0,13.45
2015-08-27,14.47,18.0,11.0
2015-08-28,15.2,19.0,10.0
2015-08-29,15.91,20.0,12.0
2015-08-30,15.29,18.0,13.0
2015-08-31,13.82,16.0,12.0
2015-09-01,13.47,17.0,10.0
2015-09-02,12.48,16.0,9.0
2015-09-03,12.27,15.0,10.0
2015-09-04,12.53,15.0,10.0
2015-09-05,12.15,15.0,8.0
2015-09-06,13.08,18.0,7.0
2015-09-07,13.11,17.0,8.0
2015-09-08,12.7,15.7,9.0
2015-09-09,13.65,17.5,10.0
2015-09-10,14.94,20.0,10.0
2015-09-11,15.23,19.0,11.0
2015-09-12,14.62,18.0,11.0
2015-09-13,12.73,17.0,9.0
2015-09-14,12.65,16.0,10.0
2015-09-15,12.63,17.0,10.0
2015-09-16,12.34,15.0,9.5
2015-09-17,13.16,16.0,8.95
2015-09-18,13.14,17.0,10.0
2015-09-19,13.03,18.0,8.0
2015-09-20,13.66,17.0,9.0
2015-09-21,12.84,15.0,10.0
2015-09-22,11.71,15.0,8.0
2015-09-23,13.23,16.0,8.0
2015-09-24,12.8,16.0,9.05
2015-09-25,11.64,16.0,8.0
2015-09-26,11.84,17.0,6.0
2015-09-27,12.24,17.0,6.0
2015-09-28,12.72,18.0,7.0
2015-09-29,12.81,18.0,8.0
2015-09-30,12.04,18.0,8.0
2015-10-01,11.84,18.0,7.0
2015-10-02,10.98,17.0,6.0
2015-10-03,10.23,14.0,7.0
2015-10-04,11.42,16.0,6.5
2015-10-05,14.62,16.0,11.0
2015-10-06,15.27,18.0,13.0
2015-10-07,12.61,14.0,9.0
2015-10-08,10.95,15.0,6.0
2015-10-09,11.4,16.0,7.0
2015-10-10,11.9,15.0,8.0
2015-10-11,11.1,14.0,8.0
2015-10-12,9.81,13.0,5.0
2015-10-13,9.34,13.0,6.0
2015-10-14,9.31,13.0,5.0
2015-10-15,9.71,13.0,7.0
2015-10-16,10.11,13.0,9.0
2015-10-17,10.01,12.0,8.0
2015-10-18,10.79,13.0,9.0
2015-10-19,10.85,13.0,9.0
2015-10-20,10.12,14.0,7.0
2015-10-21,13.33,15.0,10.0
2015-10-22,12.33,14.0,9.0
2015-10-23,11.28,13.0,8.0
2015-10-24,10.37,13.0,6.0
2015-10-25,8.26,12.0,3.0
2015-10-26,11.3,14.0,6.0
2015-10-27,12.6,15.0,11.0
2015-10-28,11.8,14.0,9.0
2015-10-29,11.98,14.0,9.0
2015-10-30,13.03,15.0,10.0
2015-10-31,12.38,15.0,8.0
2015-11-01,10.67,14.0,7.0
2015-11-02,9.74,12.0,7.0
2015-11-03,10.19,12.0,8.5
2015-11-04,11.23,12.7,9.0
2015-11-05,12.89,14.0,11.0
2015-11-06,13.5,16.0,12.0
2015-11-07,12.54,16.0,9.0
2015-11-08,11.59,15.0,7.0
2015-11-09,12.48,15.0,8.0
2015-11-10,14.19,16.0,13.0
2015-11-11,12.59,14.0,11.0
2015-11-12,11.6,14.0,8.0
2015-11-13,7.73,10.0,6.0
2015-11-14,8.65,14.0,6.0
2015-11-15,13.43,15.0,13.0
2015-11-16,9.92,13.0,9.0
2015-11-17,10.3,14.0,8.0
2015-11-18,10.89,13.0,8.65
2015-11-19,9.34,11.0,7.0
2015-11-20,6.16,8.0,3.0
2015-11-21,3.15,5.0,0.0
2015-11-22,3.02,6.0,-1.0
2015-11-23,5.35,7.0,0.0
2015-11-24,7.57,9.0,6.0
2015-11-25,7.86,10.0,6.0
2015-11-26,9.87,11.0,7.0
2015-11-27,9.55,12.0,4.0
2015-11-28,6.53,9.0,2.0
2015-11-29,8.27,12.0,6.35
2015-11-30,7.56,12.0,4.0
2015-12-01,10.33,13.0,5.45
2015-12-02,10.82,13.0,10.0
2015-12-03,9.22,12.0,8.0
2015-12-04,10.05,12.0,5.0
2015-12-05,10.9,12.0,11.0
2015-12-06,9.93,13.0,7.0
2015-12-07,11.26,13.0,10.0
2015-12-08,10.5,13.0,6.0
2015-12-09,9.53,11.0,4.0
2015-12-10,8.2,11.0,6.0
2015-12-11,6.83,8.0,4.0
2015-12-12,6.76,12.0,3.0
2015-12-13,5.29,7.0,2.0
2015-12-14,7.24,9.0,6.0
2015-12-15,9.48,11.0,8.0
2015-12-16,12.08,14.0,11.0
2015-12-17,12.47,14.0,11.0
2015-12-18,11.76,13.0,10.0
2015-12-19,13.7,15.0,12.0
2015-12-20,10.37,13.0,8.0
2015-12-21,8.77,12.0,6.0
2015-12-22,11.11,14.0,9.0
2015-12-23,8.29,10.65,7.0
2015-12-24,8.18,11.0,4.0
2015-12-25,7.45,13.0,3.0
2015-12-26,10.95,14.0,12.0
2015-12-27,9.31,12.0,6.0
2015-12-28,10.5,12.0,9.0
2015-12-29,9.79,12.0,8.0
2015-12-30,10.53,13.0,8.0
2015-12-31,6.66,9.0,4.0
2016-01-01,5.56,8.0,0.0
2016-01-02,8.81,10.0,8.0
2016-01-03,7.57,9.0,5.0
2016-01-04,7.04,8.0,6.0
2016-01-05,6.78,9.0,6.0
2016-01-06,6.39,8.0,5.0
2016-01-07,6.29,8.0,3.0
2016-01-08,4.77,8.0,1.0
2016-01-09,6.54,9.0,5.0
2016-01-10,5.39,7.0,3.0
2016-01-11,4.58,6.0,3.0
2016-01-12,5.08,6.65,3.0
2016-01-13,3.67,5.0,2.0
2016-01-14,2.55,4.0,1.0
2016-01-15,2.42,5.0,0.0
2016-01-16,1.48,4.0,-1.0
2016-01-17,2.44,4.0,0.0
2016-01-18,3.27,4.0,0.0
2016-01-19,1.49,4.0,-1.0
2016-01-20,1.87,5.0,-1.0
2016-01-21,4.36,7.0,0.0
2016-01-22,7.84,11.0,6.0
2016-01-23,8.22,10.0,5.0
2016-01-24,11.95,14.0,9.0
2016-01-25,10.81,13.0,7.0
2016-01-26,9.79,12.0,6.0
2016-01-27,9.64,12.5,5.0
2016-01-28,7.35,9.0,2.0
2016-01-29,9.44,11.0,9.0
2016-01-30,5.05,8.0,3.0
2016-01-31,7.26,12.0,3.0
2016-02-01,10.21,13.0,8.0
2016-02-02,6.82,8.0,3.8
2016-02-03,4.72,8.0,2.0
2016-02-04,8.99,11.0,5.0
2016-02-05,9.09,11.0,8.0
2016-02-06,7.9,11.0,5.0
2016-02-07,6.39,9.0,4.0
2016-02-08,6.74,9.0,5.0
2016-02-09,4.7,7.0,3.0
2016-02-10,4.73,8.0,1.0
2016-02-11,3.11,7.75,-1.0
2016-02-12,3.61,6.0,0.0
2016-02-13,3.47,5.0,1.0
2016-02-14,2.74,6.0,0.0
2016-02-15,2.38,6.0,-1.0
2016-02-16,4.68,7.0,-2.0
2016-02-17,4.33,6.0,2.0
2016-02-18,3.41,7.0,0.0
2016-02-19,6.66,9.0,0.0
2016-02-20,8.03,10.0,7.0
2016-02-21,9.25,13.0,8.0
2016-02-22,6.19,8.0,3.0
2016-02-23,3.88,7.5,0.0
2016-02-24,2.09,6.0,-2.0
2016-02-25,2.68,5.0,-1.0
2016-02-26,3.37,6.0,1.0
2016-02-27,3.34,6.0,1.0
2016-02-28,3.28,7.0,1.0
2016-02-29,4.94,7.0,-1.0
2016-03-01,8.66,12.0,4.0
2016-03-02,4.66,7.0,2.0
2016-03-03,5.52,8.0,2.0
2016-03-04,4.31,7.0,1.0
2016-03-05,3.79,7.0,1.0
2016-03-06,2.88,6.0,0.0
2016-03-07,3.28,7.0,-1.0
2016-03-08,5.73,8.0,-1.0
2016-03-09,5.68,8.0,4.0
2016-03-10,5.91,9.0,2.0
2016-03-11,5.92,9.0,1.0
2016-03-12,7.21,11.0,3.0
2016-03-13,6.8,11.0,3.0
2016-03-14,6.62,11.0,3.0
2016-03-15,6.76,9.0,4.0
2016-03-16,6.53,9.0,4.0
2016-03-17,5.41,10.0,2.0
2016-03-18,5.85,7.0,3.0
2016-03-19,6.31,8.0,5.0
2016-03-20,7.06,10.0,4.0
2016-03-21,7.66,10.0,4.0
2016-03-22,7.71,10.0,3.0
2016-03-23,7.55,9.0,5.0
2016-03-24,7.6,10.0,5.0
2016-03-25,8.64,13.0,5.0
2016-03-26,8.72,13.0,6.0
2016-03-27,7.08,10.0,5.0
2016-03-28,6.89,10.0,4.0
2016-03-29,6.04,10.0,3.0
2016-03-30,6.55,11.0,2.0
2016-03-31,6.76,11.0,1.0
2016-04-01,8.09,10.5,2.0
2016-04-02,8.62,13.0,7.0
2016-04-03,9.32,13.0,6.0
2016-04-04,8.95,12.0,7.0
2016-04-05,8.76,12.0,6.0
2016-04-06,7.53,10.0,5.0
2016-04-07,7.58,11.0,4.0
2016-04-08,8.16,12.0,4.0
2016-04-09,6.72,10.0,3.0
2016-04-10,7.95,11.0,1.0
2016-04-11,9.39,13.0,7.0
2016-04-12,8.79,12.0,6.0
2016-04-13,9.71,14.0,4.0
2016-04-14,8.95,12.0,6.0
2016-04-15,6.97,9.0,5.0
2016-04-16,5.09,8.0,2.0
2016-04-17,7.31,11.0,1.0
2016-04-18,8.91,12.0,4.5
2016-04-19,9.06,13.0,4.0
2016-04-20,9.51,14.0,3.0
2016-04-21,10.04,15.0,4.0
2016-04-22,7.91,10.6,5.0
2016-04-23,6.56,10.0,2.0
2016-04-24,7.11,9.0,3.0
2016-04-25,6.85,10.0,3.0
2016-04-26,5.14,9.0,2.0
2016-04-27,4.83,9.0,1.0
2016-04-28,5.82,9.0,0.0
2016-04-29,6.39,10.0,2.0
2016-04-30,7.39,11.5,1.0
2016-05-01,10.67,13.0,3.0
2016-05-02,10.78,14.0,6.0
2016-05-03,9.77,13.0,4.0
2016-05-04,11.63,15.5,5.0
2016-05-05,12.79,18.0,7.0
2016-05-06,13.13,19.0,6.0
2016-05-07,13.51,20.0,10.0
2016-05-08,16.38,23.0,11.0
2016-05-09,16.06,22.0,13.0
2016-05-10,14.17,17.0,12.0
2016-05-11,14.18,18.0,12.0
2016-05-12,14.46,20.5,11.0
2016-05-13,10.89,14.95,8.0
2016-05-14,9.12,13.0,5.0
2016-05-15,10.71,14.0,4.0
2016-05-16,11.47,15.0,6.0
2016-05-17,12.68,17.0,7.0
2016-05-18,11.56,14.0,10.0
2016-05-19,12.03,16.0,9.0
2016-05-20,13.25,17.0,11.0
2016-05-21,13.33,16.0,11.0
2016-05-22,12.49,16.0,9.0
2016-05-23,12.3,16.0,7.0
2016-05-24,11.74,16.0,6.0
2016-05-25,10.0,12.0,8.0
2016-05-26,12.0,14.0,9.0
2016-05-27,12.96,16.0,9.9
2016-05-28,13.51,17.0,9.0
2016-05-29,13.26,18.0,9.0
2016-05-30,13.33,17.0,10.0
2016-05-31,12.71,13.5,10.0
2016-06-01,12.6,13.0,10.0
2016-06-02,11.37,14.0,9.0
2016-06-03,12.6,15.0,9.0
2016-06-04,14.68,19.0,11.0
2016-06-05,14.96,21.0,10.0
2016-06-06,16.23,23.0,10.5
2016-06-07,17.07,23.0,11.0
2016-06-08,15.99,21.0,12.0
2016-06-09,15.31,20.0,11.0
2016-06-10,15.41,20.0,12.0
2016-06-11,15.06,19.0,13.0
2016-06-12,14.96,18.0,13.0
2016-06-13,14.54,17.0,13.0
2016-06-14,14.31,17.0,12.0
2016-06-15,14.1,17.0,12.0
2016-06-16,13.42,17.0,11.0
2016-06-17,13.44,16.5,11.75
2016-06-18,13.18,16.0,10.0
2016-06-19,15.29,18.0,10.0
2016-06-20,15.69,19.0,13.0
2016-06-21,16.31,19.0,12.4
2016-06-22,16.86,20.0,13.0
2016-06-23,17.03,20.0,13.0
2016-06-24,15.41,19.0,12.0
2016-06-25,14.31,18.0,11.0
2016-06-26,14.46,18.0,12.0
2016-06-27,15.14,18.0,12.0
2016-06-28,13.57,17.0,10.0
2016-06-29,13.39,16.0,10.0
2016-06-30,14.79,18.0,11.0
2016-07-01,13.97,17.0,10.0
2016-07-02,13.61,17.0,9.6
2016-07-03,14.76,18.0,10.0
2016-07-04,15.54,19.0,10.0
2016-07-05,15.03,18.0,11.0
2016-07-06,15.49,19.0,9.0
2016-07-07,16.67,20.0,14.0
2016-07-08,16.53,20.0,14.0
2016-07-09,17.3,21.0,14.0
2016-07-10,17.05,20.0,15.0
2016-07-11,15.86,19.0,13.0
2016-07-12,14.26,17.0,11.0
2016-07-13,14.22,18.0,10.7
2016-07-14,15.13,19.0,10.0
2016-07-15,16.15,19.0,11.0
2016-07-16,17.53,21.0,15.0
2016-07-17,17.97,23.0,14.0
2016-07-18,20.49,26.0,14.0
2016-07-19,23.31,30.0,15.0
2016-07-20,20.39,25.0,16.0
2016-07-21,18.25,22.0,14.0
2016-07-22,18.41,23.0,15.0
2016-07-23,18.78,23.0,14.0
2016-07-24,17.92,21.0,14.0
2016-07-25,16.72,20.0,13.0
2016-07-26,16.81,20.0,12.0
2016-07-27,16.75,20.0,14.0
2016-07-28,15.96,19.0,12.0
2016-07-29,16.32,20.0,14.0
2016-07-30,15.69,20.0,12.0
2016-07-31,15.8,19.0,11.0
2016-08-01,15.07,18.0,11.0
2016-08-02,17.19,19.0,14.0
2016-08-03,17.39,20.0,15.0
2016-08-04,16.55,20.0,14.0
2016-08-05,16.8,21.0,12.0
2016-08-06,18.53,23.0,12.0
2016-08-07,18.13,21.0,15.0
2016-08-08,15.16,19.0,12.0
2016-08-09,13.7,18.0,9.0
2016-08-10,14.39,18.0,10.0
2016-08-11,16.49,20.0,13.0
2016-08-12,17.54,21.0,14.0
2016-08-13,16.87,20.0,14.0
2016-08-14,16.1,20.0,12.0
2016-08-15,17.0,22.0,10.0
2016-08-16,17.39,22.7,11.0
2016-08-17,17.66,23.0,11.0
2016-08-18,17.42,22.0,13.25
2016-08-19,15.94,18.0,14.0
2016-08-20,16.02,19.0,14.0
2016-08-21,16.49,20.0,15.0
2016-08-22,17.75,22.0,15.0
2016-08-23,19.4,26.0,14.0
2016-08-24,18.5,22.5,15.0
2016-08-25,17.67,20.0,15.0
2016-08-26,17.01,21.0,13.0
2016-08-27,16.87,21.0,11.0
2016-08-28,16.42,20.0,14.0
2016-08-29,16.47,21.0,12.0
2016-08-30,18.05,22.0,13.0
2016-08-31,16.81,21.0,13.0
2016-09-01,16.21,20.0,12.0
2016-09-02,15.87,19.0,13.0
2016-09-03,15.64,18.0,12.0
2016-09-04,15.98,19.0,14.0
2016-09-05,17.86,21.0,14.0
2016-09-06,19.84,23.0,17.0
2016-09-07,18.91,23.0,17.0
2016-09-08,17.04,20.0,14.0
2016-09-09,17.59,21.0,14.0
2016-09-10,15.28,18.0,11.0
2016-09-11,14.82,19.0,9.0
2016-09-12,18.56,22.0,13.0
2016-09-13,18.92,24.0,15.0
2016-09-14,18.49,23.0,15.0
2016-09-15,17.06,23.0,14.0
2016-09-16,14.97,17.0,13.0
2016-09-17,14.14,17.0,11.0
2016-09-18,15.26,19.0,11.0
2016-09-19,14.45,16.0,12.0
2016-09-20,14.05,17.0,12.0
2016-09-21,15.27,19.0,12.0
2016-09-22,14.12,17.0,10.0
2016-09-23,13.7,18.0,8.0
2016-09-24,17.21,20.0,12.0
2016-09-25,14.43,17.0,10.0
2016-09-26,13.0,15.0,9.0
2016-09-27,15.56,18.0,12.0
2016-09-28,16.74,21.0,12.0
2016-09-29,14.62,17.5,11.0
2016-09-30,11.73,16.0,8.0
2016-10-01,10.18,14.0,7.0
2016-10-02,10.4,15.0,5.0
2016-10-03,11.68,16.0,4.0
2016-10-04,14.0,18.0,10.0
2016-10-05,13.16,16.0,10.0
2016-10-06,11.62,15.0,7.0
2016-10-07,12.18,14.0,10.0
2016-10-08,11.98,15.0,10.0
2016-10-09,10.15,14.0,7.0
2016-10-10,9.23,13.0,5.0
2016-10-11,10.24,14.0,5.0
2016-10-12,11.18,14.0,9.0
2016-10-13,10.13,13.0,8.0
2016-10-14,10.71,13.0,8.0
2016-10-15,11.15,14.0,9.0
2016-10-16,12.09,16.0,9.0
2016-10-17,11.89,15.0,9.0
2016-10-18,10.16,12.0,7.5
2016-10-19,10.5,13.0,8.0
2016-10-20,9.98,13.0,7.0
2016-10-21,9.07,12.0,6.0
2016-10-22,8.73,12.0,6.0
2016-10-23,8.68,12.0,5.0
2016-10-24,8.78,12.0,6.0
2016-10-25,10.13,13.0,5.0
2016-10-26,11.85,15.0,9.0
2016-10-27,12.55,14.0,9.0
2016-10-28,12.2,15.0,11.0
2016-10-29,12.34,14.0,10.0
2016-10-30,11.58,13.0,10.0
2016-10-31,10.66,15.0,7.0
2016-11-01,8.83,11.0,5.0
2016-11-02,5.95,10.0,2.0
2016-11-03,7.84,10.0,2.0
2016-11-04,7.51,10.0,3.0
2016-11-05,5.48,8.0,3.0
2016-11-06,5.33,7.0,2.0
2016-11-07,5.26,8.0,2.0
2016-11-08,4.24,6.0,0.0
2016-11-09,5.27,7.0,3.0
2016-11-10,6.41,10.0,3.0
2016-11-11,6.39,9.61,1.0
2016-11-12,9.05,11.0,6.0
2016-11-13,8.34,11.0,4.0
2016-11-14,11.98,13.0,9.0
2016-11-15,12.09,14.0,10.0
2016-11-16,9.67,12.0,6.0
2016-11-17,6.18,9.0,4.0
2016-11-18,3.51,6.0,2.0
2016-11-19,3.83,6.0,1.0
2016-11-20,3.72,7.0,2.0
2016-11-21,5.95,8.5,3.0
2016-11-22,7.16,8.0,5.0
2016-11-23,5.58,8.0,3.0
2016-11-24,6.04,9.0,5.0
2016-11-25,5.31,9.0,3.0
2016-11-26,5.24,8.0,2.0
2016-11-27,6.44,8.0,4.0
2016-11-28,5.28,8.0,1.0
2016-11-29,2.1,6.0,-3.0
2016-11-30,3.93,8.0,-2.0
2016-12-01,5.61,9.0,2.0
2016-12-02,5.86,8.0,4.0
2016-12-03,5.45,7.0,3.0
2016-12-04,3.7,7.0,0.0
2016-12-05,2.19,6.0,-1.0
2016-12-06,6.09,9.0,2.0
2016-12-07,11.88,13.0,9.0
2016-12-08,11.31,13.0,9.0
2016-12-09,11.78,13.0,10.0
2016-12-10,10.08,11.0,7.0
2016-12-11,7.22,10.0,5.0
2016-12-12,7.39,9.0,3.0
2016-12-13,9.19,11.0,6.0
2016-12-14,9.54,12.0,6.0
2016-12-15,8.81,10.0,6.0
2016-12-16,8.12,10.0,6.0
2016-12-17,6.74,9.0,3.0
2016-12-18,6.8,8.0,4.0
2016-12-19,6.42,7.0,4.0
2016-12-20,5.45,7.0,3.0
2016-12-21,7.0,9.0,4.0
2016-12-22,5.61,8.0,2.0
2016-12-23,8.02,11.0,4.0
2016-12-24,7.74,10.0,5.0
2016-12-25,11.21,13.0,8.0
2016-12-26,6.02,8.0,2.0
2016-12-27,3.6,7.0,0.0
2016-12-28,3.17,7.0,-1.0
2016-12-29,3.92,8.0,-1.0
2016-12-30,6.34,9.0,1.0
2016-12-31,8.02,9.0,5.0
2017-01-01,4.99,8.0,2.0
2017-01-02,2.51,5.0,-1.0
2017-01-03,5.49,7.0,1.0
2017-01-04,5.21,7.11,1.0
2017-01-05,1.44,5.0,-2.0
2017-01-06,5.89,7.0,1.5
2017-01-07,8.07,10.0,6.0
2017-01-08,8.26,10.0,7.0
2017-01-09,7.37,10.0,4.0
2017-01-10,7.51,9.0,5.0
2017-01-11,7.28,11.0,5.0
2017-01-12,3.72,6.0,1.0
2017-01-13,2.49,5.0,0.0
2017-01-14,3.33,6.0,0.0
2017-01-15,7.2,9.0,3.0
2017-01-16,6.69,9.0,5.0
2017-01-17,5.73,7.0,4.0
2017-01-18,4.92,7.0,4.0
2017-01-19,4.9,7.0,4.0
2017-01-20,3.6,6.0,-0.5
2017-01-21,2.1,4.0,-1.0
2017-01-22,1.6,4.0,-2.0
2017-01-23,2.96,6.0,-0.5
2017-01-24,4.8,9.0,1.0
2017-01-25,4.59,7.0,1.0
2017-01-26,1.39,2.0,-2.0
2017-01-27,3.85,6.0,-1.0
2017-01-28,5.36,8.0,3.0
2017-01-29,5.03,7.0,1.0
2017-01-30,6.33,7.0,5.0
2017-01-31,7.12,8.0,6.0
2017-02-01,8.78,10.0,7.0
2017-02-02,10.17,11.0,9.0
2017-02-03,7.8,10.0,5.0
2017-02-04,4.53,8.0,2.0
2017-02-05,3.75,7.0,1.0
2017-02-06,4.69,7.0,-1.0
2017-02-07,5.38,9.0,3.0
2017-02-08,4.08,5.0,2.0
2017-02-09,2.27,3.0,1.0
2017-02-10,1.75,3.0,0.0
2017-02-11,2.38,4.0,0.0
2017-02-12,2.99,5.0,2.0
2017-02-13,5.42,9.0,4.0
2017-02-14,6.82,9.0,3.0
2017-02-15,8.39,11.0,6.0
2017-02-16,8.14,10.0,6.0
2017-02-17,8.2,11.0,5.44
2017-02-18,8.14,11.0,6.0
2017-02-19,9.71,11.0,7.0
2017-02-20,11.15,14.0,9.0
2017-02-21,9.93,12.0,7.0
2017-02-22,8.95,12.0,7.5
2017-02-23,6.7,10.0,4.0
2017-02-24,5.38,8.0,2.0
2017-02-25,8.86,10.0,5.75
2017-02-26,8.54,11.0,7.0
2017-02-27,5.44,7.5,2.0
2017-02-28,4.51,7.0,1.0
2017-03-01,5.38,8.0,2.0
2017-03-02,5.98,9.0,4.0
2017-03-03,6.56,9.0,4.0
2017-03-04,7.03,10.0,5.0
2017-03-05,6.02,9.0,4.0
2017-03-06,6.18,9.0,2.0
2017-03-07,6.86,9.94,3.0
2017-03-08,9.32,12.0,6.5
2017-03-09,9.19,12.0,6.0
2017-03-10,9.24,12.0,5.94
2017-03-11,10.31,13.0,8.0
2017-03-12,9.73,12.0,7.0
2017-03-13,9.66,13.0,4.36
2017-03-14,10.51,14.0,7.0
2017-03-15,9.81,14.0,6.0
2017-03-16,8.65,11.0,5.0
2017-03-17,8.06,10.0,4.0
2017-03-18,10.6,13.0,10.0
2017-03-19,10.8,13.0,10.0
2017-03-20,8.98,11.0,5.0
2017-03-21,5.44,9.0,3.0
2017-03-22,5.71,8.0,3.0
2017-03-23,6.8,11.0,3.0
2017-03-24,7.23,12.0,4.0
2017-03-25,8.04,14.14,2.0
2017-03-26,8.57,14.0,3.0
2017-03-27,8.01,12.0,4.0
2017-03-28,9.51,13.0,5.0
2017-03-29,11.57,14.0,10.0
2017-03-30,13.53,17.0,11.0
2017-03-31,12.03,15.0,9.0
2017-04-01,9.99,13.0,7.0
2017-04-02,9.19,14.0,5.0
2017-04-03,10.6,15.0,5.0
2017-04-04,10.08,13.0,7.0
2017-04-05,9.38,13.0,5.0
2017-04-06,9.71,14.0,4.0
2017-04-07,9.36,13.0,4.0
2017-04-08,10.98,18.0,3.0
2017-04-09,12.08,20.0,6.0
2017-04-10,9.18,12.0,6.0
2017-04-11,9.92,13.5,5.0
2017-04-12,9.97,13.0,6.0
2017-04-13,9.05,12.0,5.0
2017-04-14,9.56,13.0,6.0
2017-04-15,8.83,12.0,6.0
2017-04-16,8.92,12.0,5.0
2017-04-17,7.85,11.0,5.0
2017-04-18,7.58,11.0,2.0
2017-04-19,9.4,12.0,4.0
2017-04-20,11.13,14.0,7.0
2017-04-21,11.05,14.0,7.0
2017-04-22,9.06,12.0,6.0
2017-04-23,9.57,14.0,4.0
2017-04-24,8.3,12.0,3.0
2017-04-25,5.21,9.0,1.0
2017-04-26,5.96,9.0,2.0
2017-04-27,8.16,11.0,2.5
2017-04-28,8.92,12.0,6.0
2017-04-29,10.59,13.0,6.0
2017-04-30,11.44,15.0,8.0
2017-05-01,10.66,14.0,8.0
2017-05-02,11.22,15.86,6.0
2017-05-03,10.39,13.0,6.0
2017-05-04,10.83,14.0,8.0
2017-05-05,10.75,15.0,6.61
2017-05-06,10.56,13.0,8.0
2017-05-07,10.74,15.0,7.0
2017-05-08,9.67,12.0,7.0
2017-05-09,9.03,13.0,5.0
2017-05-10,10.99,16.0,3.0
2017-05-11,13.2,19.0,6.0
2017-05-12,12.61,16.0,10.0
2017-05-13,12.74,16.0,10.0
2017-05-14,13.06,18.0,9.0
2017-05-15,13.97,17.0,9.5
2017-05-16,15.93,19.0,14.0
2017-05-17,13.2,15.0,10.0
2017-05-18,11.76,15.0,8.0
2017-05-19,10.81,14.0,8.0
2017-05-20,11.26,15.0,8.0
2017-05-21,13.46,17.5,8.0
2017-05-22,15.67,22.0,10.0
2017-05-23,15.36,19.0,11.0
2017-05-24,17.31,23.0,12.0
2017-05-25,19.19,25.0,12.0
2017-05-26,19.9,25.0,13.0
2017-05-27,17.12,21.5,13.0
2017-05-28,16.15,20.0,12.0
2017-05-29,14.27,16.0,13.0
2017-05-30,15.01,19.0,12.0
2017-05-31,15.45,20.0,10.0
2017-06-01,17.0,22.0,12.0
2017-06-02,15.79,19.0,12.0
2017-06-03,14.55,19.0,10.0
2017-06-04,13.65,17.0,9.0
2017-06-05,13.07,16.0,10.0
2017-06-06,12.1,14.0,10.0
2017-06-07,13.22,17.0,11.0
2017-06-08,13.95,17.0,12.0
2017-06-09,14.65,19.0,11.0
2017-06-10,16.21,20.0,12.0
2017-06-11,15.8,19.0,13.0
2017-06-12,14.54,17.0,12.0
2017-06-13,16.01,19.0,11.0
2017-06-14,18.33,23.0,12.0
2017-06-15,16.65,20.0,13.0
2017-06-16,16.74,20.0,12.0
2017-06-17,20.3,26.0,14.0
2017-06-18,21.23,28.0,14.0
2017-06-19,21.38,28.0,15.0
2017-06-20,19.12,22.5,14.0
2017-06-21,20.61,26.0,14.61
2017-06-22,17.26,20.0,14.0
2017-06-23,16.44,19.0,13.0
2017-06-24,16.1,20.0,14.0
2017-06-25,15.26,19.0,12.0
2017-06-26,15.29,19.0,10.0
2017-06-27,14.51,17.0,13.0
2017-06-28,13.48,15.0,11.0
2017-06-29,13.15,15.0,11.0
2017-06-30,14.81,18.0,12.0
2017-07-01,15.53,20.0,13.0
2017-07-02,15.86,20.0,12.0
2017-07-03,16.02,20.0,12.0
2017-07-04,16.2,20.0,12.0
2017-07-05,17.81,22.0,12.0
2017-07-06,19.23,24.5,14.0
2017-07-07,17.98,21.0,14.0
2017-07-08,17.05,21.0,13.0
2017-07-09,18.29,24.0,14.0
2017-07-10,16.29,20.0,13.0
2017-07-11,14.33,17.0,12.0
2017-07-12,15.56,20.0,11.0
2017-07-13,16.61,21.0,11.0
2017-07-14,15.58,19.0,13.0
2017-07-15,16.98,21.0,13.0
2017-07-16,17.83,21.5,14.0
2017-07-17,18.14,24.0,12.0
2017-07-18,19.41,25.0,13.89
2017-07-19,18.3,22.0,16.0
2017-07-20,15.54,18.0,12.0
2017-07-21,16.25,19.0,12.0
2017-07-22,14.93,19.0,12.0
2017-07-23,15.41,19.0,11.89
2017-07-24,15.79,18.5,13.0
2017-07-25,15.93,20.0,12.0
2017-07-26,16.27,20.0,13.0
2017-07-27,15.15,19.0,12.0
2017-07-28,15.86,19.0,13.0
2017-07-29,15.52,19.0,13.0
2017-07-30,15.42,19.0,13.0
2017-07-31,15.89,20.0,12.0
2017-08-01,15.96,20.0,12.0
2017-08-02,16.24,19.0,14.0
2017-08-03,16.61,19.22,14.0
2017-08-04,16.24,19.0,13.0
2017-08-05,14.76,18.0,11.0
2017-08-06,15.36,19.0,9.0
2017-08-07,15.55,19.0,13.0
2017-08-08,14.16,16.0,12.0
2017-08-09,14.39,17.0,12.0
2017-08-10,15.15,19.0,10.0
2017-08-11,16.16,19.0,10.0
2017-08-12,15.8,19.0,12.0
2017-08-13,15.39,19.0,10.0
2017-08-14,16.32,20.0,12.0
2017-08-15,16.37,20.0,12.0
2017-08-16,16.73,20.0,10.0
2017-08-17,17.21,22.0,14.0
2017-08-18,14.77,18.0,12.0
2017-08-19,14.82,18.0,11.0
2017-08-20,14.81,19.0,10.0
2017-08-21,16.47,19.0,13.0
2017-08-22,17.99,22.0,16.0
2017-08-23,17.41,20.0,14.0
2017-08-24,15.92,19.0,12.0
2017-08-25,16.31,20.0,11.0
2017-08-26,16.78,21.0,12.0
2017-08-27,17.55,23.0,12.0
2017-08-28,18.35,23.0,13.0
2017-08-29,15.4,17.0,12.0
2017-08-30,13.13,16.0,10.0
2017-08-31,13.55,18.0,8.0
2017-09-01,14.14,18.0,9.0
2017-09-02,14.28,19.0,8.0
2017-09-03,14.48,17.0,11.0
2017-09-04,16.84,20.0,14.0
2017-09-05,15.96,19.0,13.0
2017-09-06,14.32,17.0,11.0
2017-09-07,14.89,17.0,11.0
2017-09-08,14.01,17.0,11.0
2017-09-09,12.81,16.0,10.0
2017-09-10,12.94,16.0,9.0
2017-09-11,13.35,17.0,11.0
2017-09-12,13.13,16.78,10.0
2017-09-13,12.56,15.0,9.0
2017-09-14,11.64,15.0,8.0
2017-09-15,11.41,14.0,8.0
2017-09-16,10.87,14.0,8.0
2017-09-17,11.79,16.0,8.0
2017-09-18,11.71,15.0,9.0
2017-09-19,11.76,16.0,7.0
2017-09-20,14.4,18.0,9.5
2017-09-21,13.62,16.0,9.0
2017-09-22,12.75,16.0,6.0
2017-09-23,14.82,18.0,12.0
2017-09-24,15.26,19.0,12.0
2017-09-25,14.45,17.0,13.0
2017-09-26,14.42,18.0,12.0
2017-09-27,14.89,17.0,13.0
2017-09-28,14.96,18.0,12.0
2017-09-29,14.52,17.0,11.0
2017-09-30,12.53,16.0,9.0
2017-10-01,14.6,17.0,13.0
2017-10-02,13.4,15.0,10.5
2017-10-03,11.52,14.5,9.0
2017-10-04,12.1,14.0,9.0
2017-10-05,12.38,15.0,9.0
2017-10-06,10.86,14.0,7.0
2017-10-07,13.12,16.0,11.0
2017-10-08,12.33,15.0,10.0
2017-10-09,13.08,15.0,11.0
2017-10-10,13.81,16.0,12.0
2017-10-11,14.05,16.0,11.0
2017-10-12,12.51,16.0,9.0
2017-10-13,16.34,19.0,13.0
2017-10-14,15.31,18.0,13.0
2017-10-15,14.57,18.0,12.0
2017-10-16,14.51,20.0,12.0
2017-10-17,12.03,14.0,9.0
2017-10-18,11.58,13.0,9.0
2017-10-19,13.49,15.0,12.0
2017-10-20,12.42,14.0,11.0
2017-10-21,12.49,14.0,11.0
2017-10-22,10.78,13.0,8.0
2017-10-23,13.27,15.0,9.44
2017-10-24,14.42,17.0,12.0
2017-10-25,12.93,15.0,10.0
2017-10-26,11.91,14.0,8.5
2017-10-27,9.8,13.0,5.0
2017-10-28,12.86,15.0,7.0
2017-10-29,10.49,14.0,5.0
2017-10-30,7.17,11.0,2.0
2017-10-31,11.4,13.25,8.0
2017-11-01,10.64,13.0,8.0
2017-11-02,8.53,11.0,4.0
2017-11-03,9.71,11.0,7.0
2017-11-04,9.48,11.0,5.0
2017-11-05,5.69,9.0,2.0
2017-11-06,7.95,11.0,0.0
2017-11-07,8.66,11.0,5.0
2017-11-08,6.74,10.0,1.5
2017-11-09,9.45,13.0,6.0
2017-11-10,8.32,10.0,6.0
2017-11-11,7.36,9.0,5.0
2017-11-12,5.68,7.28,3.0
2017-11-13,5.1,7.0,1.0
2017-11-14,9.86,12.0,6.0
2017-11-15,9.19,11.0,8.89
2017-11-16,8.92,12.0,4.0
2017-11-17,5.27,9.0,1.0
2017-11-18,6.95,9.0,3.0
2017-11-19,5.11,7.0,2.0
2017-11-20,10.31,12.25,6.0
2017-11-21,11.33,13.0,11.0
2017-11-22,11.38,15.0,12.0
2017-11-23,7.08,11.0,5.0
2017-11-24,3.83,7.0,0.0
2017-11-25,3.52,6.0,0.0
2017-11-26,5.12,7.0,2.0
2017-11-27,7.12,9.0,4.0
2017-11-28,4.42,6.0,2.0
2017-11-29,3.51,5.28,1.0
2017-11-30,2.37,4.0,0.0
2017-12-01,3.82,6.0,1.0
2017-12-02,6.14,7.0,2.0
2017-12-03,7.36,9.0,5.0
2017-12-04,7.55,9.0,4.0
2017-12-05,8.01,9.0,7.0
2017-12-06,9.88,11.0,8.0
2017-12-07,7.66,12.0,3.0
2017-12-08,2.17,4.0,0.0
2017-12-09,1.15,3.0,-1.78
2017-12-10,0.6,2.0,-2.0
2017-12-11,1.25,3.0,-1.0
2017-12-12,1.92,4.0,-3.0
2017-12-13,4.86,7.0,2.0
2017-12-14,3.51,6.0,2.0
2017-12-15,3.81,6.0,1.0
2017-12-16,2.3,4.0,0.0
2017-12-17,5.13,9.0,-1.0
2017-12-18,4.06,7.0,0.0
2017-12-19,7.0,8.0,1.0
2017-12-20,9.36,11.0,7.0
2017-12-21,8.84,10.0,8.0
2017-12-22,8.91,11.0,7.0
2017-12-23,9.4,10.0,8.0
2017-12-24,9.45,11.0,8.0
2017-12-25,8.49,11.0,4.0
2017-12-26,4.16,6.0,2.0
2017-12-27,2.43,4.0,1.0
2017-12-28,1.5,5.0,-1.64
2017-12-29,3.98,7.0,-1.31
2017-12-30,7.95,11.0,3.0
2017-12-31,8.2,11.0,6.0
2018-01-01,5.53,7.0,4.0
2018-01-02,6.5,10.0,2.14
2018-01-03,7.25,9.0,6.0
2018-01-04,6.33,10.0,5.0
2018-01-05,4.66,6.0,2.0
2018-01-06,3.23,5.0,0.0
2018-01-07,1.7,5.0,0.0
2018-01-08,2.89,4.0,0.86
2018-01-09,4.61,6.0,3.0
2018-01-10,5.76,8.0,3.0
2018-01-11,4.73,7.0,2.0
2018-01-12,5.76,7.0,4.0
2018-01-13,5.8,7.0,5.0
2018-01-14,5.16,6.0,3.0
2018-01-15,7.01,10.0,4.0
2018-01-16,3.54,6.0,1.0
2018-01-17,4.23,6.0,2.0
2018-01-18,4.4,8.5,2.0
2018-01-19,2.6,5.0,0.78
2018-01-20,2.37,4.0,0.0
2018-01-21,2.71,8.0,0.0
2018-01-22,7.1,9.0,5.0
2018-01-23,9.78,12.0,7.0
2018-01-24,7.87,12.0,6.0
2018-01-25,5.74,8.0,3.0
2018-01-26,4.33,7.0,1.0
2018-01-27,8.06,11.0,3.0
2018-01-28,10.2,12.0,8.0
2018-01-29,8.17,11.0,3.0
2018-01-30,5.6,7.0,2.0
2018-01-31,4.91,7.0,2.0
2018-02-01,4.81,7.0,3.0
2018-02-02,4.69,7.0,2.0
2018-02-03,3.6,5.0,2.0
2018-02-04,2.99,5.0,1.0
2018-02-05,1.9,4.0,0.0
2018-02-06,1.3,3.0,-1.0
2018-02-07,1.54,4.0,-2.0
2018-02-08,5.71,7.0,1.0
2018-02-09,3.72,6.0,0.0
2018-02-10,5.78,9.0,0.0
2018-02-11,3.22,6.0,0.28
2018-02-12,2.82,6.0,-0.94
2018-02-13,3.48,5.0,1.0
2018-02-14,4.41,7.0,0.0
2018-02-15,5.78,8.0,2.22
2018-02-16,4.58,8.0,1.0
2018-02-17,5.04,9.0,1.0
2018-02-18,6.34,9.0,2.0
2018-02-19,8.27,10.0,6.0
2018-02-20,6.88,9.0,5.0
2018-02-21,4.52,7.0,1.0
2018-02-22,2.92,5.2,-1.0
2018-02-23,2.24,5.0,-2.0
2018-02-24,2.47,6.0,-1.0
2018-02-25,1.66,5.0,-1.0
2018-02-26,0.43,2.0,-2.0
2018-02-27,-0.9,1.56,-4.0
2018-02-28,-3.41,-1.0,-6.0
2018-03-01,-2.25,-0.94,-5.0
2018-03-02,-0.32,1.0,-1.0
2018-03-03,1.5,2.0,0.0
2018-03-04,3.91,6.0,1.5
2018-03-05,5.25,8.0,3.0
2018-03-06,5.22,8.0,3.0
2018-03-07,4.66,9.0,1.0
2018-03-08,4.9,8.0,1.5
2018-03-09,5.92,9.0,1.0
2018-03-10,8.59,12.0,5.0
2018-03-11,7.36,11.0,4.0
2018-03-12,6.72,8.0,5.0
2018-03-13,6.4,10.0,3.0
2018-03-14,8.13,11.0,4.0
2018-03-15,7.48,10.0,6.0
2018-03-16,6.63,11.0,4.0
2018-03-17,0.81,3.0,-2.0
2018-03-18,-0.0,1.0,-2.0
2018-03-19,2.22,4.44,-1.0
2018-03-20,4.19,8.0,0.0
2018-03-21,6.25,9.0,0.0
2018-03-22,7.5,10.0,5.89
2018-03-23,7.55,10.0,6.0
2018-03-24,6.49,9.0,5.0
2018-03-25,6.69,11.0,3.0
2018-03-26,6.97,11.0,1.0
2018-03-27,7.44,11.0,5.0
2018-03-28,5.3,8.0,3.0
2018-03-29,5.22,9.0,0.0
2018-03-30,5.14,8.0,3.0
2018-03-31,4.87,7.0,4.0
2018-04-01,4.44,7.0,2.0
2018-04-02,6.3,10.0,3.0
2018-04-03,8.13,13.0,7.0
2018-04-04,7.22,11.0,4.0
2018-04-05,6.47,11.0,2.0
2018-04-06,8.97,13.0,5.0
2018-04-07,9.84,13.0,6.0
2018-04-08,8.76,11.0,6.0
2018-04-09,8.25,11.0,6.0
2018-04-10,8.17,10.0,7.0
2018-04-11,7.7,9.0,6.0
2018-04-12,7.17,9.0,6.0
2018-04-13,8.03,10.0,6.0
2018-04-14,10.46,15.0,7.0
2018-04-15,9.92,14.0,8.0
2018-04-16,10.73,14.0,8.0
2018-04-17,12.89,15.0,10.0
2018-04-18,15.36,21.0,11.0
2018-04-19,16.13,23.0,10.0
2018-04-20,13.42,18.0,8.0
2018-04-21,14.1,20.0,7.0
2018-04-22,13.04,17.0,9.0
2018-04-23,10.89,14.0,8.0
2018-04-24,10.5,13.0,8.0
2018-04-25,9.51,13.0,7.0
2018-04-26,9.2,13.0,6.0
2018-04-27,7.89,10.0,5.0
2018-04-28,7.58,10.0,6.0
2018-04-29,7.12,9.0,5.0
2018-04-30,7.22,10.0,4.0
2018-05-01,9.68,13.0,2.0
2018-05-02,9.12,12.0,6.0
2018-05-03,10.73,14.0,4.0
2018-05-04,12.93,17.0,9.0
2018-05-05,14.28,21.0,8.0
2018-05-06,15.36,22.0,8.0
2018-05-07,15.83,24.0,9.0
2018-05-08,14.32,20.0,9.0
2018-05-09,12.12,15.0,8.0
2018-05-10,11.0,15.0,7.0
2018-05-11,11.96,15.0,6.0
2018-05-12,11.21,15.0,8.0
2018-05-13,11.74,16.0,8.0
2018-05-14,13.23,18.0,7.0
2018-05-15,13.95,20.0,8.0
2018-05-16,11.41,14.0,7.0
2018-05-17,10.8,15.0,5.0
2018-05-18,11.92,16.0,4.0
2018-05-19,14.25,19.89,6.0
2018-05-20,14.36,20.0,8.0
2018-05-21,14.4,21.0,7.5
2018-05-22,13.5,18.5,9.0
2018-05-23,12.69,17.11,9.0
2018-05-24,13.35,18.0,10.0
2018-05-25,13.9,17.0,12.0
2018-05-26,15.83,22.0,12.0
2018-05-27,17.12,23.0,12.0
2018-05-28,16.74,22.0,12.0
2018-05-29,15.31,18.0,12.0
2018-05-30,14.87,17.0,13.0
2018-05-31,16.36,21.0,14.0
2018-06-01,16.8,22.0,13.0
2018-06-02,16.36,21.0,13.78
2018-06-03,17.01,22.0,13.0
2018-06-04,15.0,17.0,12.0
2018-06-05,13.1,17.0,11.0
2018-06-06,14.73,18.5,9.0
2018-06-07,14.99,18.0,11.0
2018-06-08,14.62,18.0,12.0
2018-06-09,14.88,19.0,12.0
2018-06-10,15.37,21.0,11.0
2018-06-11,16.13,22.0,11.0
2018-06-12,14.49,18.0,11.0
2018-06-13,15.77,20.0,10.0
2018-06-14,15.72,19.0,11.0
2018-06-15,14.94,18.0,10.0
2018-06-16,14.02,18.0,11.0
2018-06-17,14.8,17.0,12.0
2018-06-18,16.2,19.0,14.0
2018-06-19,16.61,21.0,14.0
2018-06-20,15.93,20.0,12.0
2018-06-21,13.78,18.0,9.0
2018-06-22,14.6,19.0,9.0
2018-06-23,15.88,20.0,9.0
2018-06-24,17.24,23.0,10.0
2018-06-25,19.31,26.0,11.0
2018-06-26,18.8,26.0,11.0
2018-06-27,18.24,25.0,11.0
2018-06-28,18.74,26.0,12.0
2018-06-29,17.87,25.0,12.0
2018-06-30,18.86,24.0,12.0
2018-07-01,20.09,26.0,13.0
2018-07-02,19.71,25.0,14.0
2018-07-03,18.83,23.0,12.0
2018-07-04,18.3,23.0,12.0
2018-07-05,19.2,25.0,13.0
2018-07-06,19.11,25.0,14.0
2018-07-07,20.78,26.0,14.0
2018-07-08,21.42,27.0,14.0
2018-07-09,18.85,23.0,14.0
2018-07-10,16.87,21.0,13.84
2018-07-11,16.77,21.0,13.0
2018-07-12,16.82,21.0,13.0
2018-07-13,17.3,22.0,13.0
2018-07-14,19.8,25.0,13.0
2018-07-15,20.66,26.0,14.0
2018-07-16,19.32,23.0,14.0
2018-07-17,17.4,21.0,13.0
2018-07-18,18.18,22.0,13.0
2018-07-19,19.22,24.0,13.0
2018-07-20,17.36,21.5,13.0
2018-07-21,18.42,23.0,14.0
2018-07-22,20.29,26.0,15.0
2018-07-23,21.51,26.0,17.0
2018-07-24,20.06,24.5,15.0
2018-07-25,19.76,25.0,13.5
2018-07-26,22.55,29.0,15.0
2018-07-27,20.77,27.0,17.0
2018-07-28,17.18,20.0,13.0
2018-07-29,16.17,20.0,14.0
2018-07-30,17.43,22.0,14.0
2018-07-31,17.29,22.0,14.0
2018-08-01,18.07,22.0,13.0
2018-08-02,20.26,26.0,15.0
2018-08-03,20.55,25.0,16.0
2018-08-04,18.75,24.0,15.0
2018-08-05,19.73,26.0,13.0
2018-08-06,20.09,24.0,14.0
2018-08-07,18.8,25.0,14.0
2018-08-08,16.51,20.0,12.0
2018-08-09,15.06,19.0,12.0
2018-08-10,14.02,18.0,10.0
2018-08-11,16.13,20.0,8.89
2018-08-12,16.8,20.0,15.0
2018-08-13,17.11,21.0,15.0
2018-08-14,17.8,21.0,14.0
2018-08-15,18.38,22.0,15.5
2018-08-16,15.98,19.0,12.0
2018-08-17,16.07,19.0,11.0
2018-08-18,17.74,21.0,15.0
2018-08-19,17.69,22.0,16.0
2018-08-20,17.87,22.0,16.0
2018-08-21,18.4,22.75,15.0
2018-08-22,17.55,21.0,14.0
2018-08-23,15.06,18.0,11.0
2018-08-24,12.4,17.0,9.0
2018-08-25,13.02,17.5,8.0
2018-08-26,13.26,17.0,10.0
2018-08-27,15.26,18.0,13.0
2018-08-28,15.44,19.0,13.0
2018-08-29,14.5,18.86,11.0
2018-08-30,13.6,18.0,9.0
2018-08-31,15.13,20.0,8.0
2018-09-01,17.21,22.0,11.0
2018-09-02,17.63,23.0,12.5
2018-09-03,15.27,21.0,11.0
2018-09-04,14.27,17.0,12.0
2018-09-05,14.75,18.0,11.0
2018-09-06,13.05,17.0,9.0
2018-09-07,12.97,16.0,7.0
2018-09-08,14.58,17.0,9.0
2018-09-09,15.59,19.0,13.0
2018-09-10,15.21,18.0,12.0
2018-09-11,15.55,18.0,13.0
2018-09-12,12.63,16.0,9.0
2018-09-13,13.18,17.0,8.0
2018-09-14,13.5,16.5,10.0
2018-09-15,14.22,18.0,9.7
2018-09-16,16.02,19.0,13.0
2018-09-17,16.95,21.5,14.0
2018-09-18,17.17,20.0,15.0
2018-09-19,15.54,20.0,13.0
2018-09-20,14.15,18.0,11.0
2018-09-21,11.49,15.0,9.0
2018-09-22,10.29,13.0,9.0
2018-09-23,9.33,13.0,6.0
2018-09-24,9.86,14.0,5.0
2018-09-25,11.99,16.0,4.0
2018-09-26,14.89,20.0,10.5
2018-09-27,14.01,20.5,9.0
2018-09-28,10.94,15.0,6.0
2018-09-29,10.37,16.0,4.0
2018-09-30,10.47,14.0,6.0
2018-10-01,10.25,13.0,5.86
2018-10-02,13.7,16.0,10.0
2018-10-03,13.31,17.0,10.0
2018-10-04,13.44,17.0,11.0
2018-10-05,11.82,17.0,9.0
2018-10-06,8.2,12.0,5.0
2018-10-07,9.93,13.0,3.0
2018-10-08,12.98,16.0,9.0
2018-10-09,13.68,18.0,10.0
2018-10-10,15.55,21.0,10.0
2018-10-11,15.23,18.0,12.0
2018-10-12,16.11,19.0,13.0
2018-10-13,17.07,21.0,15.0
2018-10-14,10.55,14.0,8.0
2018-10-15,10.64,13.0,9.0
2018-10-16,13.2,16.0,11.0
2018-10-17,11.98,15.0,9.0
2018-10-18,9.29,13.0,5.0
2018-10-19,9.46,14.0,4.0
2018-10-20,12.13,17.0,7.0
2018-10-21,12.25,17.0,7.0
2018-10-22,9.74,13.0,5.0
2018-10-23,12.14,15.0,9.0
2018-10-24,11.45,14.0,9.0
2018-10-25,10.37,13.0,7.0
2018-10-26,7.79,10.0,4.0
2018-10-27,4.69,7.0,2.0
2018-10-28,5.18,9.0,2.0
2018-10-29,4.01,8.0,0.0
2018-10-30,5.43,8.0,2.0
2018-10-31,8.09,11.0,1.0
2018-11-01,7.68,10.0,2.0
2018-11-02,6.26,11.0,1.0
2018-11-03,11.13,13.0,7.0
2018-11-04,10.42,12.0,9.0
2018-11-05,10.42,13.0,8.0
2018-11-06,12.32,14.0,10.0
2018-11-07,11.46,13.0,8.0
2018-11-08,9.46,12.0,5.25
2018-11-09,10.45,12.0,8.0
2018-11-10,9.84,12.0,8.0
2018-11-11,8.87,12.0,7.0
2018-11-12,9.92,13.0,8.0
2018-11-13,9.9,12.0,7.0
2018-11-14,11.58,14.0,9.0
2018-11-15,11.54,13.0,9.0
2018-11-16,10.72,12.0,8.0
2018-11-17,8.44,11.0,6.0
2018-11-18,6.86,11.0,4.0
2018-11-19,7.04,9.0,5.0
2018-11-20,5.29,7.0,4.0
2018-11-21,4.59,7.0,1.0
2018-11-22,4.68,6.0,0.0
2018-11-23,6.27,8.0,4.0
2018-11-24,6.76,8.0,5.0
2018-11-25,5.61,8.0,4.0
2018-11-26,4.87,7.0,2.0
2018-11-27,6.23,8.0,1.0
2018-11-28,11.7,14.0,8.0
2018-11-29,10.14,13.0,8.0
2018-11-30,7.7,10.0,6.0
2018-12-01,8.88,12.0,6.0
2018-12-02,10.51,13.0,10.0
2018-12-03,8.37,11.0,3.0
2018-12-04,3.89,6.0,0.0
2018-12-05,7.91,11.0,4.0
2018-12-06,10.85,12.0,9.0
2018-12-07,8.72,12.0,6.0
2018-12-08,8.82,11.0,7.28
2018-12-09,7.2,9.0,5.0
2018-12-10,5.54,8.0,3.0
2018-12-11,6.05,9.0,2.0
2018-12-12,6.39,8.0,3.0
2018-12-13,4.39,6.0,2.0
2018-12-14,2.76,5.0,0.0
2018-12-15,3.51,6.0,2.0
2018-12-16,6.04,8.0,3.0
2018-12-17,7.07,9.0,3.0
2018-12-18,9.07,10.0,6.0
2018-12-19,6.67,8.89,5.0
2018-12-20,7.3,9.0,5.0
2018-12-21,8.08,10.0,7.0
2018-12-22,7.7,10.0,6.0
2018-12-23,6.89,7.0,4.0
2018-12-24,4.33,7.0,0.0
2018-12-25,6.7,9.0,1.0
2018-12-26,8.55,10.0,7.0
2018-12-27,6.91,9.0,6.0
2018-12-28,8.27,10.0,5.0
2018-12-29,9.42,12.0,6.0
2018-12-30,9.56,11.0,7.0
2018-12-31,9.31,10.0,8.0
2019-01-01,7.21,10.0,4.0
2019-01-02,3.7,5.0,1.0
2019-01-03,3.64,4.0,1.0
2019-01-04,3.66,5.0,1.0
2019-01-05,4.91,6.0,3.0
2019-01-06,7.41,9.0,5.0
2019-01-07,9.1,11.0,7.0
2019-01-08,6.5,8.0,4.0
2019-01-09,3.57,6.0,1.0
2019-01-10,5.71,8.0,1.0
2019-01-11,7.3,9.0,6.0
2019-01-12,8.76,10.86,7.0
2019-01-13,9.38,11.0,7.0
2019-01-14,6.49,9.0,4.0
2019-01-15,8.28,10.0,6.0
2019-01-16,6.8,9.0,3.0
2019-01-17,2.55,4.0,-1.0
2019-01-18,2.99,5.0,-2.0
2019-01-19,3.53,5.0,2.0
2019-01-20,2.73,5.0,-0.28
2019-01-21,3.87,6.0,0.0
2019-01-22,2.32,5.0,0.0
2019-01-23,0.75,3.0,-2.0
2019-01-24,2.86,5.0,-2.0
2019-01-25,8.38,11.0,3.0
2019-01-26,7.69,10.0,6.0
2019-01-27,4.72,7.0,3.0
2019-01-28,2.37,5.0,-1.0
2019-01-29,1.98,4.0,-1.0
2019-01-30,0.6,4.0,-3.0
2019-01-31,-0.45,2.8,-5.64
2019-02-01,1.31,3.0,0.0
2019-02-02,1.1,4.0,-1.5
2019-02-03,3.67,5.61,-4.0
2019-02-04,6.27,9.0,1.0
2019-02-05,5.81,8.0,0.0
2019-02-06,6.83,9.0,4.0
2019-02-07,6.01,8.0,4.0
2019-02-08,8.4,11.0,6.0
2019-02-09,7.15,9.0,5.0
2019-02-10,4.77,7.0,2.5
2019-02-11,5.03,9.0,1.0
2019-02-12,8.26,11.0,2.0
2019-02-13,8.61,11.0,6.0
2019-02-14,6.83,11.0,2.0
2019-02-15,7.93,13.0,2.0
2019-02-16,9.76,12.0,7.0
2019-02-17,9.38,12.64,6.0
2019-02-18,7.92,10.0,6.0
2019-02-19,7.42,10.0,4.2
2019-02-20,9.42,12.0,7.0
2019-02-21,10.29,14.0,8.0
2019-02-22,8.89,14.0,5.0
2019-02-23,9.31,14.0,5.0
2019-02-24,7.27,14.0,2.0
2019-02-25,8.55,16.0,2.0
2019-02-26,8.67,17.0,2.0
2019-02-27,7.96,16.0,1.0
2019-02-28,7.9,10.0,3.0
2019-03-01,7.96,10.0,6.0
2019-03-02,9.6,12.0,7.0
2019-03-03,8.6,11.0,5.78
2019-03-04,5.98,9.0,3.0
2019-03-05,7.36,11.0,2.8
2019-03-06,8.96,12.0,7.0
2019-03-07,6.94,9.0,5.0
2019-03-08,6.8,9.0,1.25
2019-03-09,7.02,10.0,5.0
2019-03-10,4.98,8.0,2.0
2019-03-11,7.05,9.0,3.0
2019-03-12,6.45,9.0,4.0
2019-03-13,7.66,10.0,6.0
2019-03-14,8.9,12.0,7.0
2019-03-15,9.45,12.0,7.0
2019-03-16,8.0,11.0,5.0
2019-03-17,5.72,9.0,3.0
2019-03-18,7.11,10.0,3.0
2019-03-19,9.48,12.0,6.0
2019-03-20,10.54,13.0,8.0
2019-03-21,10.61,13.0,8.0
2019-03-22,10.0,11.0,8.0
2019-03-23,7.84,11.0,5.0
2019-03-24,7.56,11.0,3.0
2019-03-25,7.7,11.0,4.0
2019-03-26,8.59,12.0,2.0
2019-03-27,9.15,12.0,6.0
2019-03-28,8.93,14.0,5.0
2019-03-29,9.21,14.0,4.0
2019-03-30,8.81,13.0,3.0
2019-03-31,7.28,11.0,3.0
2019-04-01,7.29,11.0,2.5
2019-04-02,5.44,8.0,2.0
2019-04-03,4.36,8.0,1.0
2019-04-04,6.24,8.5,2.0
2019-04-05,8.38,12.0,5.0
2019-04-06,7.95,10.0,4.0
2019-04-07,8.51,11.0,6.0
2019-04-08,8.95,13.0,7.0
2019-04-09,8.06,11.0,5.0
2019-04-10,6.56,11.0,2.0
2019-04-11,6.54,11.0,0.0
2019-04-12,6.87,10.0,1.0
2019-04-13,5.57,9.0,1.0
2019-04-14,5.99,9.0,0.0
2019-04-15,8.54,12.0,4.0
2019-04-16,9.43,13.0,6.0
2019-04-17,10.19,16.0,6.0
2019-04-18,12.16,19.0,7.0
2019-04-19,13.86,21.0,7.0
2019-04-20,13.8,22.0,7.0
2019-04-21,14.24,22.0,7.0
2019-04-22,14.85,22.0,7.0
2019-04-23,13.11,18.36,9.0
2019-04-24,11.59,17.0,8.0
2019-04-25,10.78,14.0,8.0
2019-04-26,10.47,13.5,6.0
2019-04-27,8.57,11.0,7.0
2019-04-28,9.44,13.0,6.0
2019-04-29,10.1,14.0,5.0
2019-04-30,10.68,15.0,5.0
2019-05-01,11.4,15.0,7.0
2019-05-02,9.92,14.0,7.0
2019-05-03,7.9,11.0,4.0
2019-05-04,6.98,10.0,3.0
2019-05-05,8.07,11.0,3.0
2019-05-06,7.76,11.0,4.0
2019-05-07,9.11,13.0,5.0
2019-05-08,8.82,11.0,7.0
2019-05-09,8.68,11.0,6.0
2019-05-10,8.89,12.0,5.0
2019-05-11,9.68,13.0,5.0
2019-05-12,10.78,15.0,3.0
2019-05-13,12.83,17.0,5.0
2019-05-14,13.95,18.0,6.0
2019-05-15,13.71,19.0,6.0
2019-05-16,12.88,17.0,7.0
2019-05-17,11.75,15.0,9.0
2019-05-18,11.66,15.0,9.5
2019-05-19,12.5,16.0,8.5
2019-05-20,13.08,17.0,9.0
2019-05-21,13.15,17.5,7.5
2019-05-22,13.32,18.0,7.0
2019-05-23,14.05,19.0,8.0
2019-05-24,14.09,19.0,9.0
2019-05-25,14.47,19.0,10.0
2019-05-26,14.29,18.0,10.0
2019-05-27,11.87,16.0,8.0
2019-05-28,10.88,14.39,7.0
2019-05-29,11.7,15.0,6.0
2019-05-30,15.35,20.0,13.0
2019-05-31,15.26,18.0,12.0
2019-06-01,16.78,21.0,11.0
2019-06-02,16.38,20.0,12.0
2019-06-03,14.19,18.0,10.0
2019-06-04,12.92,16.0,10.0
2019-06-05,12.84,16.0,10.0
2019-06-06,13.31,17.0,9.0
2019-06-07,12.76,17.0,9.0
2019-06-08,12.15,15.0,10.0
2019-06-09,12.99,17.0,8.0
2019-06-10,11.73,14.0,8.0
2019-06-11,11.32,13.0,10.0
2019-06-12,11.67,14.0,10.0
2019-06-13,11.27,13.0,10.0
2019-06-14,13.07,17.0,9.5
2019-06-15,13.39,17.0,10.0
2019-06-16,14.3,18.0,9.0
2019-06-17,15.28,18.0,12.0
2019-06-18,14.96,18.0,11.0
2019-06-19,14.72,18.0,12.0
2019-06-20,14.04,17.0,10.0
2019-06-21,14.69,18.0,9.0
2019-06-22,15.96,20.0,9.0
2019-06-23,16.5,20.0,11.0
2019-06-24,17.38,21.0,14.0
2019-06-25,16.12,19.0,14.0
2019-06-26,14.82,18.0,12.0
2019-06-27,16.34,21.0,11.0
2019-06-28,17.05,22.0,12.0
2019-06-29,20.4,27.0,13.0
2019-06-30,17.22,21.0,14.0
2019-07-01,15.85,19.0,12.0
2019-07-02,15.62,19.0,10.0
2019-07-03,16.18,20.0,10.0
2019-07-04,17.29,22.0,10.5
2019-07-05,17.74,22.0,13.0
2019-07-06,16.09,19.0,12.0
2019-07-07,14.92,19.0,11.0
2019-07-08,15.84,19.0,11.0
2019-07-09,16.86,19.0,13.0
2019-07-10,18.39,22.0,15.0
2019-07-11,18.21,23.0,15.0
2019-07-12,17.53,22.0,14.0
2019-07-13,16.4,20.0,13.0
2019-07-14,15.96,20.0,12.0
2019-07-15,16.78,21.0,11.0
2019-07-16,18.84,24.0,11.0
2019-07-17,18.3,22.0,13.0
2019-07-18,16.87,20.0,13.0
2019-07-19,16.39,19.0,12.0
2019-07-20,17.35,21.0,14.0
2019-07-21,17.91,21.0,12.0
2019-07-22,20.7,25.0,17.0
2019-07-23,22.69,29.0,16.0
2019-07-24,21.57,26.0,18.0
2019-07-25,24.66,32.0,17.0
2019-07-26,20.49,24.0,17.0
2019-07-27,16.82,19.0,15.0
2019-07-28,16.94,20.0,14.0
2019-07-29,18.53,23.0,14.0
2019-07-30,17.56,21.0,15.0
2019-07-31,17.36,20.0,15.0
2019-08-01,18.16,22.0,15.0
2019-08-02,18.42,22.0,14.0
2019-08-03,18.09,22.0,13.0
2019-08-04,18.56,23.5,15.0
2019-08-05,17.91,21.0,15.0
2019-08-06,17.44,21.0,14.0
2019-08-07,17.19,21.0,14.0
2019-08-08,17.85,21.0,13.0
2019-08-09,18.06,22.5,16.0
2019-08-10,17.05,20.0,15.0
2019-08-11,15.36,19.0,12.0
2019-08-12,14.07,18.0,10.0
2019-08-13,14.86,19.0,10.0
2019-08-14,15.22,17.0,12.0
2019-08-15,16.43,19.0,13.0
2019-08-16,15.89,17.06,13.0
2019-08-17,16.18,20.0,13.0
2019-08-18,15.24,19.0,13.0
2019-08-19,15.37,19.0,12.0
2019-08-20,15.19,19.0,10.0
2019-08-21,16.1,20.0,12.0
2019-08-22,17.47,21.0,12.0
2019-08-23,18.48,23.0,14.0
2019-08-24,19.41,26.5,13.0
2019-08-25,19.87,28.0,14.0
2019-08-26,19.49,26.0,14.0
2019-08-27,19.74,24.5,14.0
2019-08-28,16.7,20.0,13.0
2019-08-29,16.33,20.0,11.0
2019-08-30,17.24,21.0,14.0
2019-08-31,15.3,19.0,11.0
2019-09-01,13.54,17.0,9.0
2019-09-02,15.34,18.5,9.0
2019-09-03,16.58,19.0,14.0
2019-09-04,14.58,18.0,12.0
2019-09-05,13.5,17.0,9.0
2019-09-06,13.78,17.0,10.0
2019-09-07,12.87,16.0,8.0
2019-09-08,12.84,17.0,5.0
2019-09-09,12.82,15.0,10.22
2019-09-10,13.89,17.0,10.0
2019-09-11,16.19,19.0,13.0
2019-09-12,16.48,21.0,12.0
2019-09-13,14.23,18.0,9.0
2019-09-14,14.64,20.0,8.0
2019-09-15,14.99,19.0,10.0
2019-09-16,13.93,16.0,10.0
2019-09-17,12.49,17.0,8.0
2019-09-18,13.29,17.0,6.0
2019-09-19,14.33,20.0,8.0
2019-09-20,15.01,20.0,8.0
2019-09-21,16.73,23.0,11.0
2019-09-22,15.86,19.0,13.0
2019-09-23,15.24,18.0,13.0
2019-09-24,15.7,18.0,14.0
2019-09-25,15.29,18.0,14.0
2019-09-26,15.38,18.0,13.0
2019-09-27,13.41,16.0,11.0
2019-09-28,13.89,17.0,11.0
2019-09-29,14.14,17.0,11.0
2019-09-30,13.07,16.0,9.0
2019-10-01,12.32,14.0,8.0
2019-10-02,9.36,13.0,5.0
2019-10-03,10.57,12.0,3.0
2019-10-04,12.28,15.0,10.0
2019-10-05,12.52,15.0,10.0
2019-10-06,12.53,15.0,10.0
2019-10-07,12.65,14.7,10.0
2019-10-08,12.38,15.0,10.0
2019-10-09,11.01,14.0,9.0
2019-10-10,13.19,15.0,9.0
2019-10-11,13.34,15.0,11.0
2019-10-12,10.9,13.0,10.0
2019-10-13,10.9,13.0,9.0
2019-10-14,10.95,13.0,8.0
2019-10-15,11.48,14.0,9.0
2019-10-16,11.67,14.0,7.0
2019-10-17,10.68,14.0,6.0
2019-10-18,10.44,13.0,8.0
2019-10-19,9.86,13.0,7.0
2019-10-20,9.19,11.0,6.0
2019-10-21,9.8,12.0,7.0
2019-10-22,9.66,13.0,5.0
2019-10-23,10.94,13.0,6.0
2019-10-24,10.71,13.0,8.0
2019-10-25,9.84,15.0,7.0
2019-10-26,9.66,10.0,5.0
2019-10-27,6.58,11.0,3.0
2019-10-28,6.03,9.94,1.0
2019-10-29,6.98,11.0,3.0
2019-10-30,7.27,11.0,4.0
2019-10-31,8.08,11.0,4.0
2019-11-01,11.86,14.0,8.0
2019-11-02,10.28,13.0,8.0
2019-11-03,9.02,11.0,6.0
2019-11-04,8.91,11.0,7.0
2019-11-05,8.95,11.0,5.0
2019-11-06,6.13,8.0,3.0
2019-11-07,6.81,9.0,4.0
2019-11-08,5.25,8.0,1.0
2019-11-09,4.76,7.0,0.0
2019-11-10,5.44,9.0,3.0
2019-11-11,6.58,9.0,4.0
2019-11-12,6.64,8.0,3.0
2019-11-13,4.63,8.0,2.0
2019-11-14,4.99,7.0,3.0
2019-11-15,6.41,8.0,4.0
2019-11-16,5.79,8.0,4.0
2019-11-17,5.52,8.0,2.94
2019-11-18,3.92,7.0,-0.94
2019-11-19,4.0,6.0,-2.0
2019-11-20,6.05,8.0,3.0
2019-11-21,5.75,7.0,4.0
2019-11-22,7.52,9.0,6.0
2019-11-23,8.78,10.0,7.0
2019-11-24,8.92,10.0,7.0
2019-11-25,9.91,11.0,8.5
2019-11-26,10.1,12.0,9.0
2019-11-27,8.97,10.0,8.0
2019-11-28,7.74,9.0,4.0
2019-11-29,3.36,6.0,0.0
2019-11-30,2.32,6.0,-1.0
2019-12-01,2.88,6.0,0.0
2019-12-02,4.27,7.0,-1.0
2019-12-03,5.58,9.0,2.0
2019-12-04,4.84,8.0,1.5
2019-12-05,7.56,11.0,4.0
2019-12-06,10.3,12.0,8.0
2019-12-07,8.9,11.0,7.0
2019-12-08,7.96,11.0,5.0
2019-12-09,6.61,8.0,1.0
2019-12-10,8.24,12.0,3.0
2019-12-11,4.76,7.0,2.0
2019-12-12,5.7,7.0,1.0
2019-12-13,6.15,8.0,4.0
2019-12-14,5.18,7.0,4.0
2019-12-15,5.13,7.0,3.0
2019-12-16,5.16,7.0,3.0
2019-12-17,3.74,6.0,1.0
2019-12-18,5.71,9.0,0.0
2019-12-19,10.01,11.0,9.0
2019-12-20,7.63,9.0,5.0
2019-12-21,6.89,8.5,4.0
2019-12-22,6.41,8.0,5.0
2019-12-23,6.82,9.0,5.0
2019-12-24,7.12,10.0,5.61
2019-12-25,4.59,8.0,1.0
2019-12-26,6.76,8.0,3.0
2019-12-27,7.7,8.0,6.0
2019-12-28,8.73,10.0,7.0
2019-12-29,8.41,9.0,6.0
2019-12-30,7.04,10.0,4.0
2019-12-31,5.31,8.0,3.0
2020-01-01,6.05,7.0,4.0
2020-01-02,9.06,10.0,6.0
2020-01-03,6.89,10.0,4.0
2020-01-04,7.02,9.0,5.0
2020-01-05,8.3,9.0,7.0
2020-01-06,8.04,9.0,6.0
2020-01-07,10.25,13.0,6.0
2020-01-08,8.44,11.0,6.0
2020-01-09,6.99,11.0,5.0
2020-01-10,5.55,8.0,3.0
2020-01-11,9.46,11.0,7.0
2020-01-12,7.39,9.0,4.0
2020-01-13,7.2,9.0,4.0
2020-01-14,7.43,13.0,5.0
2020-01-15,6.96,9.0,5.0
2020-01-16,8.68,11.0,5.61
2020-01-17,6.39,9.0,3.0
2020-01-18,3.41,7.0,1.0
2020-01-19,3.02,7.0,-1.0
2020-01-20,4.25,8.0,0.0
2020-01-21,4.62,8.0,0.0
2020-01-22,7.03,9.0,4.0
2020-01-23,6.93,8.0,5.3
2020-01-24,6.52,8.0,5.0
2020-01-25,6.49,7.0,5.0
2020-01-26,7.35,9.0,4.0
2020-01-27,5.46,8.0,3.0
2020-01-28,4.0,7.0,2.0
2020-01-29,6.76,9.0,3.0
2020-01-30,8.9,11.0,7.0
2020-01-31,10.3,12.0,8.0
2020-02-01,8.77,10.0,6.0
2020-02-02,8.15,11.0,5.0
2020-02-03,7.56,9.0,4.0
2020-02-04,6.59,9.0,4.0
2020-02-05,5.3,9.0,2.0
2020-02-06,4.36,9.0,-1.0
2020-02-07,6.18,9.0,1.0
2020-02-08,7.97,10.0,6.0
2020-02-09,9.18,12.0,7.0
2020-02-10,5.16,7.0,2.5
2020-02-11,4.29,6.0,3.0
2020-02-12,4.53,7.0,2.0
2020-02-13,5.35,8.0,4.0
2020-02-14,7.98,10.0,2.0
2020-02-15,10.04,12.0,8.0
2020-02-16,7.39,10.5,5.0
2020-02-17,6.79,10.0,4.0
2020-02-18,5.78,9.0,3.0
2020-02-19,6.45,9.0,3.0
2020-02-20,6.54,10.0,3.0
2020-02-21,8.78,10.0,4.0
2020-02-22,8.04,11.0,6.0
2020-02-23,7.28,9.0,4.0
2020-02-24,7.01,11.0,4.0
2020-02-25,4.22,7.0,2.0
2020-02-26,3.65,7.0,1.0
2020-02-27,3.72,7.0,1.0
2020-02-28,5.51,11.0,2.0
2020-02-29,5.86,10.0,4.0
2020-03-01,5.28,8.0,3.0
2020-03-02,4.65,8.0,2.0
2020-03-03,5.35,9.0,1.72
2020-03-04,4.77,8.0,1.0
2020-03-05,4.3,7.0,1.0
2020-03-06,4.7,9.0,0.0
2020-03-07,9.68,12.0,2.0
2020-03-08,8.58,11.0,5.0
2020-03-09,7.22,10.0,5.0
2020-03-10,10.66,13.0,8.0
2020-03-11,8.76,12.0,5.0
2020-03-12,6.11,9.0,3.0
2020-03-13,6.57,9.0,4.0
2020-03-14,8.61,11.0,6.0
2020-03-15,8.04,10.0,5.0
2020-03-16,7.26,11.0,2.0
2020-03-17,9.72,12.0,6.0
2020-03-18,8.12,12.0,6.0
2020-03-19,6.02,9.0,4.0
2020-03-20,5.83,9.0,4.0
2020-03-21,5.6,9.0,3.0
2020-03-22,5.72,10.0,2.0
2020-03-23,7.12,11.0,2.0
2020-03-24,8.99,14.0,3.0
2020-03-25,8.2,14.0,3.0
2020-03-26,7.1,12.0,1.0
2020-03-27,7.04,11.0,1.0
2020-03-28,6.39,10.0,3.0
2020-03-29,4.97,7.56,2.0
2020-03-30,6.55,10.0,2.0
2020-03-31,6.56,10.0,3.0
2020-04-01,7.11,9.0,4.0
2020-04-02,8.8,12.0,5.0
2020-04-03,7.77,11.0,4.5
2020-04-04,9.1,14.0,4.0
2020-04-05,13.4,18.0,7.0
2020-04-06,11.62,15.0,6.0
2020-04-07,11.19,17.0,3.0
2020-04-08,12.68,19.0,7.0
2020-04-09,12.24,17.0,7.0
2020-04-10,13.18,20.0,7.22
2020-04-11,13.92,20.0,8.0
2020-04-12,11.67,18.0,7.0
2020-04-13,6.99,9.0,4.0
2020-04-14,7.5,12.0,2.0
2020-04-15,10.33,17.0,2.0
2020-04-16,11.32,18.0,4.0
2020-04-17,9.23,12.7,6.44
2020-04-18,8.0,11.0,6.0
2020-04-19,9.27,15.0,5.0
2020-04-20,10.75,15.0,5.0
2020-04-21,11.43,16.0,7.0
2020-04-22,12.44,18.0,6.0
2020-04-23,12.34,19.0,6.0
2020-04-24,11.13,18.0,5.0
2020-04-25,9.61,16.0,6.0
2020-04-26,11.37,18.0,5.0
2020-04-27,10.47,14.0,7.0
2020-04-28,8.01,10.0,6.0
2020-04-29,9.01,12.0,6.0
2020-04-30,8.73,12.0,6.0
2020-05-01,9.89,13.0,6.5
2020-05-02,10.28,15.0,5.0
2020-05-03,10.37,14.0,6.0
2020-05-04,10.84,15.0,6.0
2020-05-05,10.08,13.64,5.0
2020-05-06,11.27,16.0,3.0
2020-05-07,14.0,20.0,5.0
2020-05-08,14.85,21.0,9.0
2020-05-09,15.07,22.0,8.0
2020-05-10,8.84,13.0,4.0
2020-05-11,7.58,11.0,3.0
2020-05-12,8.98,13.0,2.0
2020-05-13,7.85,10.5,3.8
2020-05-14,9.53,13.0,2.0
2020-05-15,11.34,15.0,5.0
2020-05-16,11.44,16.0,7.0
2020-05-17,13.04,17.0,9.0
2020-05-18,14.13,18.0,10.0
2020-05-19,15.57,20.0,11.0
2020-05-20,17.44,24.0,10.0
2020-05-21,16.94,21.5,11.0
2020-05-22,15.16,18.0,11.56
2020-05-23,12.67,16.0,10.0
2020-05-24,14.38,18.0,10.0
2020-05-25,16.07,22.0,8.0
2020-05-26,16.45,21.0,10.0
2020-05-27,16.2,21.0,10.0
2020-05-28,16.39,22.0,10.0
2020-05-29,17.26,22.5,10.0
2020-05-30,16.65,23.0,9.0
2020-05-31,17.32,23.22,10.0
