,temp,max_temp,min_temp
2015-01-01,1.34,5.0,0.0
2015-01-02,3.79,6.0,2.0
2015-01-03,2.6,5.0,1.0
2015-01-04,2.45,5.0,1.0
2015-01-05,1.53,4.0,-1.0
2015-01-06,0.61,4.0,-1.0
2015-01-07,2.4,5.0,0.0
2015-01-08,5.15,7.0,2.0
2015-01-09,7.28,9.0,5.0
2015-01-10,11.31,13.0,6.0
2015-01-11,3.61,5.8,2.0
2015-01-12,5.67,8.0,4.0
2015-01-13,8.0,11.0,5.0
2015-01-14,4.56,7.0,2.0
2015-01-15,6.11,9.0,2.0
2015-01-16,5.09,7.0,3.25
2015-01-17,2.6,5.0,0.0
2015-01-18,0.81,3.0,-1.0
2015-01-19,-0.13,2.0,-2.0
2015-01-20,-0.2,1.0,-1.0
2015-01-21,-0.6,0.9,-3.0
2015-01-22,-0.32,1.0,-1.4
2015-01-23,-0.78,0.0,-1.0
2015-01-24,-0.26,1.0,-2.0
2015-01-25,1.05,3.0,-1.0
2015-01-26,1.61,3.5,1.0
2015-01-27,2.39,4.0,1.0
2015-01-28,2.79,5.0,1.0
2015-01-29,1.66,3.0,0.0
2015-01-30,0.35,2.0,-1.0
2015-01-31,0.16,2.0,-1.0
2015-02-01,0.25,2.0,-2.0
2015-02-02,0.37,2.0,-1.0
2015-02-03,-1.37,1.0,-3.0
2015-02-04,-2.62,0.0,-5.0
2015-02-05,-1.99,0.0,-4.0
2015-02-06,-2.87,0.0,-5.0
2015-02-07,-0.86,3.0,-7.0
2015-02-08,1.01,3.0,-1.0
2015-02-09,2.95,5.0,0.0
2015-02-10,3.56,5.0,3.0
2015-02-11,2.16,4.7,-0.55
2015-02-12,0.02,2.0,-2.0
2015-02-13,0.05,3.0,-2.0
2015-02-14,1.13,7.0,-1.0
2015-02-15,0.87,4.0,-2.0
2015-02-16,0.73,3.1,-1.0
2015-02-17,0.51,3.0,-2.0
2015-02-18,1.73,5.0,0.0
2015-02-19,0.7,5.0,-2.0
2015-02-20,4.0,8.0,-1.0
2015-02-21,3.7,7.0,1.0
2015-02-22,2.03,6.0,0.0
2015-02-23,2.47,4.5,0.0
2015-02-24,3.65,6.0,1.0
2015-02-25,3.27,7.0,0.0
2015-02-26,3.98,9.0,1.0
2015-02-27,3.14,6.0,0.5
2015-02-28,2.97,7.0,-1.0
2015-03-01,5.55,8.0,2.0
2015-03-02,5.01,8.0,2.0
2015-03-03,4.06,7.7,1.0
2015-03-04,3.32,6.0,1.0
2015-03-05,3.67,7.0,1.0
2015-03-06,4.4,8.0,0.0
2015-03-07,6.28,11.0,1.0
2015-03-08,8.35,15.0,4.0
2015-03-09,7.35,12.0,3.5
2015-03-10,7.53,12.0,2.0
2015-03-11,4.81,9.0,0.1
2015-03-12,4.04,9.0,-1.4
2015-03-13,3.18,6.0,-1.0
2015-03-14,3.73,6.0,1.25
2015-03-15,4.57,7.0,3.0
2015-03-16,7.4,12.0,2.0
2015-03-17,9.73,16.0,3.0
2015-03-18,9.09,15.0,2.0
2015-03-19,7.11,13.0,2.0
2015-03-20,5.18,11.5,-1.0
2015-03-21,5.11,8.0,1.0
2015-03-22,3.15,5.5,0.0
2015-03-23,4.96,10.0,-1.0
2015-03-24,6.54,11.0,1.0
2015-03-25,9.02,14.5,3.0
2015-03-26,5.84,8.0,4.0
2015-03-27,6.16,8.0,4.0
2015-03-28,7.76,11.0,3.0
2015-03-29,9.47,11.0,7.0
2015-03-30,6.49,9.0,4.0
2015-03-31,8.05,11.0,3.0
2015-04-01,3.84,7.0,2.0
2015-04-02,3.92,7.0,1.0
2015-04-03,5.47,9.0,0.0
2015-04-04,4.36,8.0,0.9
2015-04-05,4.73,9.0,-1.0
2015-04-06,4.67,9.0,1.0
2015-04-07,6.6,11.0,-2.0
2015-04-08,8.37,13.0,3.0
2015-04-09,10.45,17.0,3.0
2015-04-10,13.2,20.0,4.0
2015-04-11,12.68,17.0,7.0
2015-04-12,11.78,15.9,5.0
2015-04-13,10.34,13.0,5.0
2015-04-14,12.69,18.0,3.0
2015-04-15,16.06,23.0,8.0
2015-04-16,12.74,17.0,7.0
2015-04-17,9.21,12.0,4.45
2015-04-18,7.83,12.0,2.0
2015-04-19,9.54,15.0,2.0
2015-04-20,12.3,18.0,2.0
2015-04-21,13.15,20.0,3.0
2015-04-22,9.96,15.0,4.45
2015-04-23,9.37,15.0,3.0
2015-04-24,12.55,19.0,3.0
2015-04-25,13.32,16.15,8.5
2015-04-26,13.16,18.0,10.0
2015-04-27,11.01,12.0,6.0
2015-04-28,7.26,12.0,3.0
2015-04-29,10.26,14.0,1.0
2015-04-30,9.6,14.0,6.0
2015-05-01,8.38,11.0,5.0
2015-05-02,10.22,14.0,4.0
2015-05-03,14.25,17.0,9.0
2015-05-04,16.44,20.0,13.0
2015-05-05,17.67,23.0,13.0
2015-05-06,13.46,17.15,9.0
2015-05-07,11.96,16.0,8.0
2015-05-08,14.37,19.0,7.0
2015-05-09,14.41,18.0,11.0
2015-05-10,13.03,17.0,8.0
2015-05-11,17.65,23.0,8.0
2015-05-12,18.14,25.0,10.0
2015-05-13,14.71,19.0,9.0
2015-05-14,12.43,16.0,8.0
2015-05-15,11.93,17.0,8.0
2015-05-16,12.31,15.5,5.35
2015-05-17,12.46,16.0,8.0
2015-05-18,14.88,21.0,6.95
2015-05-19,12.49,15.95,9.0
2015-05-20,10.35,14.0,6.0
2015-05-21,11.36,15.6,5.0
2015-05-22,13.97,18.9,6.0
2015-05-23,14.05,18.0,9.0
2015-05-24,14.31,19.0,9.0
2015-05-25,12.91,16.0,10.0
2015-05-26,11.19,14.0,8.7
2015-05-27,11.47,14.0,7.0
2015-05-28,14.04,19.0,7.0
2015-05-29,14.25,17.25,8.0
2015-05-30,11.7,15.0,8.0
2015-05-31,16.15,20.0,6.3
2015-06-01,14.39,17.0,10.0
2015-06-02,17.94,23.0,11.0
2015-06-03,18.56,20.0,13.0
2015-06-04,17.89,22.0,9.0
2015-06-05,23.31,30.0,13.0
2015-06-06,21.7,26.0,15.1
2015-06-07,18.12,22.0,13.0
2015-06-08,14.47,18.0,10.0
2015-06-09,13.28,16.0,10.0
2015-06-10,16.55,20.0,10.8
2015-06-11,18.69,23.0,12.0
2015-06-12,20.84,27.05,13.0
2015-06-13,19.88,25.0,15.0
2015-06-14,18.06,23.0,13.0
2015-06-15,15.27,18.0,11.85
2015-06-16,14.46,17.0,9.0
2015-06-17,16.01,20.0,7.0
2015-06-18,14.94,18.0,12.0
2015-06-19,12.3,15.0,10.0
2015-06-20,12.34,15.0,10.0
2015-06-21,14.6,18.0,10.05
2015-06-22,13.18,16.0,11.0
2015-06-23,12.44,15.25,9.65
2015-06-24,13.54,18.0,10.0
2015-06-25,18.11,23.0,11.0
2015-06-26,20.09,24.0,13.0
2015-06-27,18.23,22.0,14.7
2015-06-28,18.34,22.0,11.75
2015-06-29,20.81,25.0,14.65
2015-06-30,22.27,26.5,14.0
2015-07-01,24.84,29.0,15.0
2015-07-02,27.36,32.0,18.0
2015-07-03,25.96,32.0,19.0
2015-07-04,29.11,36.0,20.0
2015-07-05,26.62,34.0,19.0
2015-07-06,21.32,25.0,16.0
2015-07-07,24.41,31.0,15.0
2015-07-08,17.75,20.0,15.0
2015-07-09,14.86,18.0,11.0
2015-07-10,16.11,21.0,8.0
2015-07-11,20.82,28.0,11.0
2015-07-12,18.88,23.55,14.7
2015-07-13,17.48,20.0,15.0
2015-07-14,19.3,22.0,16.0
2015-07-15,20.39,24.0,15.0
2015-07-16,22.38,28.0,16.0
2015-07-17,24.73,32.8,16.0
2015-07-18,21.88,27.0,17.0
2015-07-19,19.42,23.0,15.0
2015-07-20,20.79,24.0,14.0
2015-07-21,23.63,28.0,18.05
2015-07-22,23.52,27.2,17.0
2015-07-23,19.49,23.0,15.0
2015-07-24,21.8,27.0,14.0
2015-07-25,18.66,23.0,14.0
2015-07-26,15.82,20.8,11.0
2015-07-27,16.71,20.0,13.0
2015-07-28,16.57,19.0,14.0
2015-07-29,14.48,18.0,12.0
2015-07-30,15.07,19.0,10.0
2015-07-31,15.36,19.4,8.0
2015-08-01,18.13,23.5,10.0
2015-08-02,21.07,26.0,12.0
2015-08-03,24.57,31.0,14.0
2015-08-04,22.09,29.0,15.0
2015-08-05,20.74,26.0,13.0
2015-08-06,26.32,33.0,16.0
2015-08-07,25.5,34.0,17.0
2015-08-08,22.94,26.4,18.0
2015-08-09,22.11,27.0,17.0
2015-08-10,22.4,28.0,17.0
2015-08-11,22.44,26.0,17.0
2015-08-12,22.6,27.0,17.0
2015-08-13,24.79,31.0,16.0
2015-08-14,22.5,28.0,19.0
2015-08-15,20.21,25.0,17.0
2015-08-16,17.19,18.0,16.0
2015-08-17,16.18,16.75,14.0
2015-08-18,15.92,19.0,13.0
2015-08-19,16.2,20.0,12.0
2015-08-20,17.71,22.0,12.0
2015-08-21,18.37,24.8,12.0
2015-08-22,19.65,25.0,12.0
2015-08-23,19.59,25.0,13.0
2015-08-24,19.07,24.0,15.0
2015-08-25,16.66,20.0,14.0
2015-08-26,20.55,26.0,14.0
2015-08-27,20.41,23.0,14.0
2015-08-28,18.03,20.0,14.0
2015-08-29,20.22,25.0,13.0
2015-08-30,23.5,32.0,16.0
2015-08-31,24.11,31.0,18.0
2015-09-01,18.52,22.0,14.0
2015-09-02,15.07,19.0,11.0
2015-09-03,14.19,18.0,11.0
2015-09-04,13.87,18.0,10.0
2015-09-05,12.99,16.0,10.0
2015-09-06,12.14,15.0,10.0
2015-09-07,13.13,17.0,9.0
2015-09-08,13.59,17.6,9.0
2015-09-09,13.72,18.0,8.0
2015-09-10,13.27,18.0,7.0
2015-09-11,13.6,19.0,8.0
2015-09-12,17.15,22.0,11.0
2015-09-13,17.83,21.0,15.0
2015-09-14,15.77,19.0,13.0
2015-09-15,13.79,17.0,11.0
2015-09-16,16.37,19.0,11.6
2015-09-17,15.76,18.0,12.0
2015-09-18,14.14,18.0,11.0
2015-09-19,13.16,17.0,10.4
2015-09-20,12.3,16.0,10.0
2015-09-21,12.8,18.0,8.0
2015-09-22,12.98,16.0,10.0
2015-09-23,11.79,14.0,10.0
2015-09-24,12.82,17.0,9.0
2015-09-25,12.72,17.0,9.0
2015-09-26,12.31,16.0,8.4
2015-09-27,11.31,16.0,7.0
2015-09-28,11.13,16.0,5.0
2015-09-29,11.54,16.0,5.0
2015-09-30,10.85,16.0,5.0
2015-10-01,10.17,16.0,3.0
2015-10-02,10.7,18.0,3.0
2015-10-03,12.64,19.2,6.0
2015-10-04,12.19,16.0,8.0
2015-10-05,13.47,18.0,8.0
2015-10-06,14.97,19.0,12.0
2015-10-07,14.19,16.0,13.0
2015-10-08,12.11,15.0,10.0
2015-10-09,11.14,14.0,9.0
2015-10-10,9.0,11.3,6.0
2015-10-11,6.61,10.0,2.0
2015-10-12,5.16,9.0,0.0
2015-10-13,5.14,8.0,1.7
2015-10-14,4.45,5.0,3.0
2015-10-15,5.3,6.0,4.0
2015-10-16,6.13,7.0,5.0
2015-10-17,6.68,8.0,5.0
2015-10-18,7.12,9.0,5.0
2015-10-19,7.54,10.0,5.0
2015-10-20,7.81,10.0,5.95
2015-10-21,8.75,11.8,6.0
2015-10-22,10.01,12.0,7.0
2015-10-23,10.4,14.0,7.0
2015-10-24,8.94,13.0,6.0
2015-10-25,10.36,13.0,7.0
2015-10-26,8.71,13.0,5.0
2015-10-27,7.78,12.0,5.0
2015-10-28,7.88,11.0,5.0
2015-10-29,9.26,11.5,6.0
2015-10-30,8.87,12.0,7.0
2015-10-31,8.59,13.0,6.0
2015-11-01,7.67,13.0,3.5
2015-11-02,5.35,12.0,1.0
2015-11-03,4.67,12.0,0.0
2015-11-04,8.99,15.0,2.0
2015-11-05,10.7,16.0,7.6
2015-11-06,13.06,16.0,10.0
2015-11-07,15.26,18.0,14.0
2015-11-08,13.42,17.0,10.0
2015-11-09,13.87,17.0,11.0
2015-11-10,13.4,15.0,12.0
2015-11-11,11.73,14.0,9.5
2015-11-12,10.45,14.0,8.0
2015-11-13,10.44,13.0,6.0
2015-11-14,7.84,9.0,6.0
2015-11-15,11.19,13.0,7.0
2015-11-16,10.83,13.0,9.0
2015-11-17,12.15,14.0,9.0
2015-11-18,12.38,14.0,10.0
2015-11-19,11.66,13.0,9.0
2015-11-20,7.61,9.0,5.0
2015-11-21,3.55,5.0,1.0
2015-11-22,1.12,3.0,-0.8
2015-11-23,1.21,3.6,-1.0
2015-11-24,1.19,3.0,-1.0
2015-11-25,3.26,5.0,1.0
2015-11-26,3.16,6.0,1.0
2015-11-27,1.45,3.0,-1.0
2015-11-28,2.92,5.0,0.0
2015-11-29,7.05,10.0,4.0
2015-11-30,7.75,9.0,6.0
2015-12-01,7.8,9.0,6.0
2015-12-02,9.04,10.0,7.0
2015-12-03,6.88,9.0,4.0
2015-12-04,6.87,9.0,3.0
2015-12-05,6.2,9.0,4.0
2015-12-06,7.88,11.0,5.0
2015-12-07,8.07,11.7,6.0
2015-12-08,6.4,11.0,3.0
2015-12-09,6.25,9.0,2.0
2015-12-10,2.75,6.0,0.0
2015-12-11,4.58,7.0,1.0
2015-12-12,6.2,8.0,4.0
2015-12-13,5.5,8.0,2.0
2015-12-14,3.86,6.0,1.0
2015-12-15,5.19,8.0,3.0
2015-12-16,7.49,9.0,4.5
2015-12-17,11.26,13.0,9.0
2015-12-18,10.07,12.0,9.0
2015-12-19,8.97,12.0,7.0
2015-12-20,8.57,12.0,6.0
2015-12-21,8.87,11.0,8.0
2015-12-22,10.26,13.0,8.0
2015-12-23,9.67,12.0,6.0
2015-12-24,7.75,11.0,5.0
2015-12-25,8.77,12.0,7.0
2015-12-26,9.89,13.8,8.0
2015-12-27,7.65,11.75,6.5
2015-12-28,4.88,9.0,3.0
2015-12-29,4.33,6.0,2.0
2015-12-30,3.69,6.0,1.0
2015-12-31,2.76,4.0,0.0
2016-01-01,3.44,6.0,1.0
2016-01-02,1.11,3.0,-1.0
2016-01-03,-0.62,0.0,-1.5
2016-01-04,-0.95,0.5,-3.0
2016-01-05,0.18,3.15,-0.2
2016-01-06,-0.15,2.5,0.0
2016-01-07,0.88,5.0,0.0
2016-01-08,3.59,6.0,1.0
2016-01-09,2.48,4.5,-0.5
2016-01-10,4.33,7.0,2.0
2016-01-11,4.09,5.0,2.0
2016-01-12,4.34,6.0,3.0
2016-01-13,3.1,4.0,1.0
2016-01-14,1.62,4.0,0.0
2016-01-15,0.75,2.0,0.0
2016-01-16,-0.05,1.0,-1.0
2016-01-17,-1.86,-1.0,-5.0
2016-01-18,-5.59,-3.0,-9.0
2016-01-19,-5.22,-3.0,-9.0
2016-01-20,-2.53,0.0,-6.0
2016-01-21,-3.85,-1.0,-8.0
2016-01-22,-5.35,-2.0,-9.0
2016-01-23,2.39,5.0,-2.0
2016-01-24,3.78,5.0,2.0
2016-01-25,7.09,11.0,4.0
2016-01-26,7.94,11.0,5.0
2016-01-27,9.91,12.0,8.0
2016-01-28,7.31,10.0,4.0
2016-01-29,6.32,9.0,3.0
2016-01-30,6.99,9.0,3.0
2016-01-31,4.24,6.0,2.0
2016-02-01,10.02,12.0,8.0
2016-02-02,8.77,11.0,6.0
2016-02-03,4.05,6.0,2.0
2016-02-04,2.62,4.0,2.0
2016-02-05,4.78,8.0,1.0
2016-02-06,7.17,11.0,5.0
2016-02-07,7.17,10.0,5.0
2016-02-08,7.39,10.0,5.0
2016-02-09,6.76,9.0,4.0
2016-02-10,3.17,5.0,2.0
2016-02-11,3.26,6.0,1.8
2016-02-12,2.08,5.0,-1.0
2016-02-13,2.69,5.0,-1.0
2016-02-14,3.81,5.0,2.0
2016-02-15,1.88,3.0,0.0
2016-02-16,0.05,2.0,-3.0
2016-02-17,0.43,2.0,-3.0
2016-02-18,1.57,5.0,-1.0
2016-02-19,1.46,4.0,-1.0
2016-02-20,4.33,7.0,1.0
2016-02-21,9.62,11.0,7.0
2016-02-22,8.24,11.0,4.0
2016-02-23,3.75,7.0,1.0
2016-02-24,1.91,5.0,0.0
2016-02-25,0.89,4.0,-2.0
2016-02-26,0.86,4.0,-2.0
2016-02-27,1.22,6.0,-3.0
2016-02-28,1.93,5.0,-2.0
2016-02-29,1.13,4.0,-1.0
2016-03-01,0.92,3.0,-2.0
2016-03-02,4.15,7.0,1.0
2016-03-03,2.58,5.0,0.0
2016-03-04,3.2,6.0,-1.0
2016-03-05,3.68,6.0,2.0
2016-03-06,2.87,5.0,1.0
2016-03-07,1.84,5.0,-1.0
2016-03-08,1.65,6.0,-3.0
2016-03-09,2.07,8.0,-2.0
2016-03-10,3.41,7.0,-2.0
2016-03-11,3.66,6.0,0.0
2016-03-12,3.24,6.0,1.0
2016-03-13,3.06,6.0,1.0
2016-03-14,3.62,8.0,-1.0
2016-03-15,3.41,7.0,0.0
2016-03-16,3.7,8.0,0.5
2016-03-17,5.07,11.0,-2.0
2016-03-18,5.06,8.0,-1.0
2016-03-19,4.84,7.0,2.0
2016-03-20,5.13,8.0,4.0
2016-03-21,5.99,8.0,4.0
2016-03-22,6.36,9.0,4.0
2016-03-23,6.07,8.1,3.0
2016-03-24,5.9,8.0,2.0
2016-03-25,6.07,7.0,5.0
2016-03-26,8.39,13.0,4.0
2016-03-27,8.22,12.0,5.0
2016-03-28,8.76,13.0,5.0
2016-03-29,7.67,11.0,5.0
2016-03-30,8.55,11.2,6.0
2016-03-31,8.53,10.0,4.0
2016-04-01,6.35,10.0,3.0
2016-04-02,10.06,15.0,4.0
2016-04-03,14.52,19.0,8.0
2016-04-04,14.2,19.0,10.0
2016-04-05,11.81,15.8,8.0
2016-04-06,10.36,14.0,7.0
2016-04-07,8.0,11.0,5.0
2016-04-08,7.33,11.0,3.0
2016-04-09,9.08,13.0,2.0
2016-04-10,10.19,15.0,6.0
2016-04-11,10.61,15.0,4.0
2016-04-12,10.71,16.0,7.0
2016-04-13,9.94,14.0,6.0
2016-04-14,9.94,14.0,6.0
2016-04-15,10.11,13.0,6.0
2016-04-16,10.7,14.0,8.0
2016-04-17,7.78,11.0,5.0
2016-04-18,8.63,11.4,3.0
2016-04-19,9.26,12.0,5.0
2016-04-20,8.97,13.0,2.0
2016-04-21,11.12,17.0,1.0
2016-04-22,10.55,14.0,4.0
2016-04-23,6.51,10.0,2.0
2016-04-24,3.44,7.0,1.0
2016-04-25,3.6,7.0,0.0
2016-04-26,3.4,7.0,1.0
2016-04-27,3.71,7.0,2.0
2016-04-28,5.38,9.0,1.0
2016-04-29,8.39,13.0,1.0
2016-04-30,10.13,15.0,4.0
2016-05-01,10.38,15.0,6.0
2016-05-02,13.41,19.0,4.0
2016-05-03,10.46,14.0,6.0
2016-05-04,10.02,14.0,3.0
2016-05-05,13.12,18.0,4.0
2016-05-06,17.39,23.0,7.0
2016-05-07,19.16,24.0,10.3
2016-05-08,19.08,23.0,13.0
2016-05-09,19.13,24.0,11.0
2016-05-10,17.82,23.0,12.0
2016-05-11,18.11,23.0,11.0
2016-05-12,16.18,20.0,12.0
2016-05-13,14.71,20.0,10.0
2016-05-14,10.01,13.0,7.0
2016-05-15,7.87,10.0,5.0
2016-05-16,8.32,12.0,5.0
2016-05-17,10.92,13.0,6.0
2016-05-18,14.36,18.0,8.0
2016-05-19,14.02,18.0,9.0
2016-05-20,14.33,18.0,9.0
2016-05-21,17.74,23.0,12.0
2016-05-22,20.06,27.0,14.0
2016-05-23,13.77,16.0,11.0
2016-05-24,11.64,13.0,10.0
2016-05-25,13.03,16.0,10.0
2016-05-26,15.63,20.0,10.0
2016-05-27,16.6,21.0,12.0
2016-05-28,18.0,23.0,13.0
2016-05-29,17.58,21.0,14.0
2016-05-30,17.63,21.0,14.8
2016-05-31,17.68,21.0,14.0
2016-06-01,17.33,20.0,14.0
2016-06-02,17.05,21.0,14.0
2016-06-03,18.1,21.5,14.0
2016-06-04,19.31,23.0,14.0
2016-06-05,19.15,24.15,14.0
2016-06-06,20.25,26.0,13.0
2016-06-07,20.07,26.0,14.0
2016-06-08,17.08,21.0,13.0
2016-06-09,15.63,20.0,12.0
2016-06-10,16.44,21.0,9.0
2016-06-11,16.32,19.75,12.0
2016-06-12,15.52,19.0,13.0
2016-06-13,15.35,19.0,13.0
2016-06-14,15.55,19.0,13.0
2016-06-15,15.04,19.0,12.0
2016-06-16,15.66,20.0,11.0
2016-06-17,14.59,18.0,12.0
2016-06-18,15.91,19.0,12.0
2016-06-19,14.42,17.0,11.0
2016-06-20,16.86,21.0,9.0
2016-06-21,18.08,22.0,14.8
2016-06-22,21.31,26.0,16.0
2016-06-23,26.07,31.85,17.0
2016-06-24,23.97,30.0,18.0
2016-06-25,18.92,22.55,15.0
2016-06-26,16.33,20.0,13.0
2016-06-27,17.2,20.8,12.0
2016-06-28,18.05,22.0,13.0
2016-06-29,18.72,22.0,15.0
2016-06-30,18.42,22.0,15.0
2016-07-01,20.17,24.0,16.0
2016-07-02,16.31,19.0,12.0
2016-07-03,15.58,19.0,10.55
2016-07-04,18.04,22.0,11.0
2016-07-05,18.83,22.0,13.0
2016-07-06,16.43,20.0,12.0
2016-07-07,18.36,22.0,10.0
2016-07-08,20.37,24.8,14.0
2016-07-09,19.95,24.0,15.0
2016-07-10,24.25,30.0,17.0
2016-07-11,21.97,25.0,18.0
2016-07-12,18.68,22.0,15.0
2016-07-13,15.58,20.0,13.0
2016-07-14,14.09,18.0,11.0
2016-07-15,14.69,18.0,11.0
2016-07-16,18.23,21.0,11.0
2016-07-17,20.09,24.9,16.0
2016-07-18,21.05,26.0,15.0
2016-07-19,22.96,28.0,15.0
2016-07-20,25.63,31.0,16.0
2016-07-21,22.18,27.0,18.0
2016-07-22,21.48,27.0,16.0
2016-07-23,20.83,25.0,17.0
2016-07-24,22.04,27.0,17.0
2016-07-25,22.25,26.0,18.0
2016-07-26,20.9,25.0,17.0
2016-07-27,20.17,24.0,16.0
2016-07-28,19.65,24.0,16.0
2016-07-29,19.58,24.0,16.0
2016-07-30,20.54,24.5,16.0
2016-07-31,18.0,21.0,14.0
2016-08-01,17.18,21.0,12.0
2016-08-02,16.54,18.0,13.0
2016-08-03,19.25,21.0,16.0
2016-08-04,19.1,22.0,15.0
2016-08-05,16.61,21.0,14.0
2016-08-06,17.3,21.0,13.0
2016-08-07,20.0,25.0,12.0
2016-08-08,19.76,23.0,14.0
2016-08-09,15.01,18.0,12.0
2016-08-10,12.73,16.0,9.0
2016-08-11,13.25,16.9,7.0
2016-08-12,16.29,19.0,13.0
2016-08-13,19.48,25.0,15.0
2016-08-14,19.02,23.0,14.0
2016-08-15,18.35,22.0,13.0
2016-08-16,18.39,23.0,10.5
2016-08-17,17.66,22.0,10.0
2016-08-18,18.16,23.0,10.0
2016-08-19,19.59,25.0,12.0
2016-08-20,18.7,23.0,15.0
2016-08-21,16.52,20.0,14.0
2016-08-22,17.16,21.0,13.0
2016-08-23,20.63,25.0,14.0
2016-08-24,23.36,29.0,15.0
2016-08-25,24.04,31.0,17.0
2016-08-26,24.43,32.0,17.0
2016-08-27,23.73,31.0,17.0
2016-08-28,23.33,31.7,18.0
2016-08-29,19.0,22.0,16.0
2016-08-30,18.02,23.0,11.0
2016-08-31,19.81,26.0,11.0
2016-09-01,19.6,25.0,13.0
2016-09-02,19.27,25.0,12.0
2016-09-03,19.46,24.4,14.5
2016-09-04,18.02,22.0,15.0
2016-09-05,16.68,20.0,14.0
2016-09-06,17.85,23.1,11.0
2016-09-07,19.25,25.05,12.0
2016-09-08,21.17,28.0,13.0
2016-09-09,19.6,24.0,14.0
2016-09-10,21.07,28.0,13.0
2016-09-11,20.99,27.0,15.0
2016-09-12,22.54,30.0,14.0
2016-09-13,23.79,31.0,16.0
2016-09-14,22.8,29.0,16.0
2016-09-15,21.04,27.0,15.0
2016-09-16,17.91,22.0,14.0
2016-09-17,16.09,19.5,13.75
2016-09-18,14.97,18.0,13.0
2016-09-19,13.77,17.0,11.0
2016-09-20,13.87,17.2,11.0
2016-09-21,13.62,19.0,8.0
2016-09-22,13.73,20.0,7.0
2016-09-23,14.66,21.0,9.0
2016-09-24,14.78,21.0,8.0
2016-09-25,16.37,23.0,10.0
2016-09-26,15.42,20.0,10.0
2016-09-27,14.94,21.0,9.0
2016-09-28,16.46,21.0,11.0
2016-09-29,18.38,23.0,13.0
2016-09-30,15.2,18.0,11.0
2016-10-01,14.07,17.0,10.0
2016-10-02,12.37,15.0,9.5
2016-10-03,11.7,15.0,9.0
2016-10-04,11.01,15.0,8.0
2016-10-05,8.44,12.0,4.0
2016-10-06,8.89,10.75,6.0
2016-10-07,9.92,12.0,8.0
2016-10-08,8.77,12.0,6.0
2016-10-09,7.39,10.0,4.0
2016-10-10,7.21,11.0,3.0
2016-10-11,7.54,10.0,4.0
2016-10-12,7.15,9.75,6.0
2016-10-13,7.46,10.0,5.85
2016-10-14,8.74,12.0,6.0
2016-10-15,10.68,14.0,7.0
2016-10-16,10.99,17.0,6.0
2016-10-17,10.98,15.0,8.0
2016-10-18,11.01,14.0,9.0
2016-10-19,8.29,10.0,7.0
2016-10-20,7.56,9.0,6.0
2016-10-21,6.63,8.0,5.0
2016-10-22,6.73,9.0,4.0
2016-10-23,6.7,10.0,3.0
2016-10-24,8.92,10.0,6.0
2016-10-25,9.75,11.0,8.0
2016-10-26,8.21,11.0,6.0
2016-10-27,9.45,12.75,5.0
2016-10-28,9.63,13.0,8.0
2016-10-29,9.5,12.0,6.0
2016-10-30,8.24,12.0,4.0
2016-10-31,8.3,12.0,4.9
2016-11-01,8.15,12.0,5.0
2016-11-02,6.76,9.0,3.66
2016-11-03,4.91,8.0,1.0
2016-11-04,5.24,9.0,2.0
2016-11-05,6.78,9.0,5.0
2016-11-06,4.81,7.0,2.5
2016-11-07,2.95,5.0,1.75
2016-11-08,1.22,3.0,-1.0
2016-11-09,1.65,4.0,-1.0
2016-11-10,3.51,5.0,2.0
2016-11-11,2.56,5.0,0.0
2016-11-12,0.3,2.0,-2.0
2016-11-13,0.06,3.0,-2.0
2016-11-14,0.26,3.66,-4.0
2016-11-15,3.92,6.0,1.0
2016-11-16,8.85,10.0,6.0
2016-11-17,9.0,11.0,8.0
2016-11-18,7.75,12.0,5.0
2016-11-19,5.52,7.0,3.0
2016-11-20,7.54,12.0,2.94
2016-11-21,10.25,13.0,7.0
2016-11-22,9.57,12.0,7.0
2016-11-23,7.66,12.0,4.0
2016-11-24,6.26,8.0,4.0
2016-11-25,4.09,6.5,2.0
2016-11-26,3.87,6.0,3.0
2016-11-27,4.6,7.0,1.0
2016-11-28,-0.77,3.0,-4.0
2016-11-29,-2.47,2.0,-6.0
2016-11-30,1.28,4.0,-6.0
2016-12-01,4.5,6.0,3.0
2016-12-02,4.09,6.0,-1.0
2016-12-03,-1.55,3.0,-4.0
2016-12-04,-2.02,2.0,-5.0
2016-12-05,-1.91,2.0,-6.0
2016-12-06,-0.68,2.0,-4.0
2016-12-07,0.85,3.0,-2.0
2016-12-08,3.8,8.5,1.0
2016-12-09,5.9,9.0,4.0
2016-12-10,5.75,9.61,4.0
2016-12-11,6.29,8.0,6.0
2016-12-12,4.9,7.0,3.0
2016-12-13,3.55,6.0,2.0
2016-12-14,4.95,7.0,4.0
2016-12-15,3.18,4.0,1.0
2016-12-16,1.09,2.0,0.0
2016-12-17,0.94,2.0,-2.0
2016-12-18,3.75,5.0,2.5
2016-12-19,2.91,5.0,0.0
2016-12-20,-0.25,2.0,-2.0
2016-12-21,0.44,2.0,-2.0
2016-12-22,1.81,3.5,-0.11
2016-12-23,3.52,5.0,2.0
2016-12-24,5.87,7.0,4.0
2016-12-25,7.71,9.0,6.0
2016-12-26,7.31,10.0,3.0
2016-12-27,4.55,7.0,3.0
2016-12-28,3.61,5.0,2.0
2016-12-29,1.01,5.0,-3.0
2016-12-30,-1.48,3.0,-4.0
2016-12-31,-1.7,2.0,-5.0
2017-01-01,-1.51,1.0,-4.0
2017-01-02,0.08,1.11,-1.0
2017-01-03,1.37,3.0,-1.0
2017-01-04,2.14,4.0,0.0
2017-01-05,-2.21,0.0,-6.5
2017-01-06,-8.08,-4.0,-11.0
2017-01-07,-4.85,-3.0,-9.0
2017-01-08,-0.35,0.5,-2.0
2017-01-09,0.41,1.0,-1.0
2017-01-10,0.14,1.0,-0.2
2017-01-11,1.7,5.0,0.0
2017-01-12,3.35,5.0,2.0
2017-01-13,1.21,4.0,0.0
2017-01-14,0.68,2.0,-1.0
2017-01-15,-0.72,1.0,-3.0
2017-01-16,-3.02,-1.0,-6.0
2017-01-17,-4.12,-2.0,-7.0
2017-01-18,-3.8,-2.0,-6.5
2017-01-19,-4.21,0.0,-7.64
2017-01-20,-3.26,1.0,-7.0
2017-01-21,-3.02,2.0,-6.0
2017-01-22,-4.86,0.0,-8.0
2017-01-23,-5.34,-2.0,-8.0
2017-01-24,-3.25,-0.5,-3.0
2017-01-25,-3.09,-1.0,-4.0
2017-01-26,-2.12,1.0,-5.0
2017-01-27,-2.07,2.14,-6.0
2017-01-28,-1.66,2.0,-5.72
2017-01-29,1.22,6.0,-3.0
2017-01-30,2.7,4.0,0.0
2017-01-31,2.03,3.0,1.0
2017-02-01,1.39,3.0,0.0
2017-02-02,3.33,7.14,1.0
2017-02-03,4.06,7.0,1.0
2017-02-04,4.42,8.0,1.72
2017-02-05,3.62,6.0,1.0
2017-02-06,2.19,4.0,0.0
2017-02-07,1.16,2.0,-1.0
2017-02-08,-0.15,2.0,-2.0
2017-02-09,-1.97,-1.0,-3.36
2017-02-10,-1.64,-0.5,-3.0
2017-02-11,0.17,2.0,-2.0
2017-02-12,0.12,1.0,-1.0
2017-02-13,0.08,5.0,-2.0
2017-02-14,0.65,7.0,-4.0
2017-02-15,3.5,11.0,-3.0
2017-02-16,5.85,11.0,-1.0
2017-02-17,5.04,7.0,4.0
2017-02-18,4.3,6.0,2.0
2017-02-19,3.92,7.0,0.0
2017-02-20,7.17,9.0,5.0
2017-02-21,8.24,10.0,6.0
2017-02-22,8.69,10.0,7.0
2017-02-23,8.52,10.0,6.0
2017-02-24,3.75,7.0,0.11
2017-02-25,3.67,7.0,-1.0
2017-02-26,7.38,11.0,5.0
2017-02-27,9.41,13.0,7.0
2017-02-28,5.17,8.0,3.0
2017-03-01,4.91,7.0,2.0
2017-03-02,6.25,8.0,3.39
2017-03-03,6.68,10.25,1.5
2017-03-04,9.52,15.0,4.0
2017-03-05,6.97,10.0,5.0
2017-03-06,4.98,8.0,3.0
2017-03-07,3.58,5.0,2.0
2017-03-08,4.86,8.0,1.0
2017-03-09,7.95,11.0,5.0
2017-03-10,6.1,9.0,3.0
2017-03-11,5.96,11.0,1.0
2017-03-12,5.75,10.0,1.0
2017-03-13,6.09,11.0,0.0
2017-03-14,8.61,13.0,3.0
2017-03-15,8.77,12.3,5.0
2017-03-16,8.95,15.0,2.0
2017-03-17,9.06,11.0,5.0
2017-03-18,7.54,9.0,5.0
2017-03-19,8.94,12.0,7.0
2017-03-20,10.35,13.0,9.0
2017-03-21,8.76,11.0,5.0
2017-03-22,6.58,10.0,2.0
2017-03-23,7.77,11.0,5.0
2017-03-24,7.15,12.0,3.39
2017-03-25,7.61,13.0,2.0
2017-03-26,7.7,13.0,2.0
2017-03-27,9.19,17.0,1.0
2017-03-28,12.6,19.25,2.0
2017-03-29,12.27,16.0,7.0
2017-03-30,14.18,19.0,9.0
2017-03-31,15.29,22.0,9.0
2017-04-01,13.72,19.0,8.0
2017-04-02,12.08,16.42,8.0
2017-04-03,10.07,14.0,6.0
2017-04-04,9.28,14.0,3.0
2017-04-05,9.0,13.0,3.0
2017-04-06,7.53,11.0,4.0
2017-04-07,9.29,12.5,5.0
2017-04-08,10.42,14.8,6.0
2017-04-09,12.91,20.0,3.0
2017-04-10,12.44,16.89,6.0
2017-04-11,8.65,12.0,4.0
2017-04-12,10.73,14.0,6.0
2017-04-13,9.44,12.0,6.0
2017-04-14,9.34,12.0,4.0
2017-04-15,9.22,12.0,6.0
2017-04-16,6.72,9.0,4.0
2017-04-17,5.38,8.5,3.0
2017-04-18,3.72,7.0,1.0
2017-04-19,3.16,7.0,-1.0
2017-04-20,5.27,9.0,-3.0
2017-04-21,9.47,13.0,2.25
2017-04-22,7.55,10.0,5.0
2017-04-23,5.89,9.0,2.0
2017-04-24,9.31,14.0,0.0
2017-04-25,6.7,10.0,3.0
2017-04-26,5.31,9.0,1.0
2017-04-27,5.9,10.0,0.0
2017-04-28,6.64,10.0,2.0
2017-04-29,7.45,11.0,2.5
2017-04-30,11.44,15.0,2.0
2017-05-01,9.52,13.5,6.0
2017-05-02,8.87,13.0,6.0
2017-05-03,10.3,15.0,7.0
2017-05-04,9.07,12.0,7.0
2017-05-05,9.27,12.0,7.0
2017-05-06,12.11,17.11,7.0
2017-05-07,12.49,16.0,9.0
2017-05-08,8.91,11.0,7.0
2017-05-09,7.98,11.0,2.39
2017-05-10,9.98,16.0,2.0
2017-05-11,15.01,21.0,4.0
2017-05-12,14.84,20.0,11.0
2017-05-13,15.59,21.0,11.0
2017-05-14,15.57,20.0,11.0
2017-05-15,15.47,20.0,10.0
2017-05-16,17.85,22.39,11.0
2017-05-17,21.39,26.0,14.5
2017-05-18,19.9,24.61,14.0
2017-05-19,15.31,19.0,10.61
2017-05-20,13.24,17.0,8.72
2017-05-21,15.72,20.0,7.0
2017-05-22,17.87,22.0,9.0
2017-05-23,19.14,24.0,11.0
2017-05-24,15.66,18.0,11.0
2017-05-25,15.8,20.0,11.0
2017-05-26,18.63,24.0,11.0
2017-05-27,22.26,27.0,13.0
2017-05-28,23.01,28.0,15.5
2017-05-29,23.26,30.0,15.0
2017-05-30,21.07,26.0,17.0
2017-05-31,18.49,23.0,13.0
2017-06-01,18.23,23.0,11.0
2017-06-02,19.98,25.61,11.5
2017-06-03,19.52,26.0,15.0
2017-06-04,16.08,19.0,12.0
2017-06-05,16.39,21.0,11.0
2017-06-06,15.41,20.0,11.56
2017-06-07,12.73,16.0,10.0
2017-06-08,16.52,21.0,11.0
2017-06-09,17.71,23.0,12.0
2017-06-10,17.76,22.0,11.0
2017-06-11,22.65,27.0,15.0
2017-06-12,19.03,22.0,15.0
2017-06-13,17.02,20.0,12.0
2017-06-14,18.76,23.0,11.0
2017-06-15,22.32,28.0,13.0
2017-06-16,17.94,20.0,14.0
2017-06-17,17.05,20.0,12.0
2017-06-18,20.29,25.0,14.0
2017-06-19,24.1,29.0,14.0
2017-06-20,23.99,30.0,16.0
2017-06-21,21.85,28.5,15.0
2017-06-22,24.26,32.0,15.0
2017-06-23,21.26,25.0,17.0
2017-06-24,19.83,24.0,15.0
2017-06-25,19.3,23.0,15.0
2017-06-26,19.56,23.0,14.0
2017-06-27,18.66,22.0,14.0
2017-06-28,19.27,23.0,16.0
2017-06-29,17.18,22.0,14.0
2017-06-30,16.81,21.0,14.0
2017-07-01,15.71,19.0,14.0
2017-07-02,15.91,19.0,14.0
2017-07-03,17.66,22.0,12.0
2017-07-04,18.66,23.0,13.0
2017-07-05,20.75,26.0,13.0
2017-07-06,22.23,28.0,14.0
2017-07-07,21.95,28.0,17.0
2017-07-08,21.71,26.5,16.0
2017-07-09,20.76,26.0,16.0
2017-07-10,19.16,23.89,16.0
2017-07-11,18.39,23.0,15.0
2017-07-12,16.75,19.0,13.0
2017-07-13,15.65,19.0,10.0
2017-07-14,16.1,21.0,11.0
2017-07-15,15.92,20.0,12.0
2017-07-16,18.58,22.0,14.0
2017-07-17,19.48,24.0,14.0
2017-07-18,21.62,26.0,13.0
2017-07-19,23.04,30.94,15.94
2017-07-20,20.44,25.0,17.0
2017-07-21,20.54,26.0,14.0
2017-07-22,20.11,26.0,16.0
2017-07-23,18.15,21.0,15.0
2017-07-24,15.87,19.0,13.0
2017-07-25,14.66,17.0,13.0
2017-07-26,16.06,21.0,13.0
2017-07-27,17.48,21.0,13.72
2017-07-28,17.38,21.0,13.75
2017-07-29,20.41,25.0,15.0
2017-07-30,22.46,28.0,17.0
2017-07-31,21.63,26.0,15.0
2017-08-01,21.15,24.5,17.0
2017-08-02,20.76,25.0,16.0
2017-08-03,21.49,26.0,17.0
2017-08-04,20.33,23.5,16.8
2017-08-05,18.88,22.0,14.0
2017-08-06,16.84,21.0,12.0
2017-08-07,18.93,24.0,10.0
2017-08-08,18.91,23.0,13.0
2017-08-09,18.28,22.0,14.0
2017-08-10,16.04,18.5,13.0
2017-08-11,14.5,16.0,13.0
2017-08-12,14.92,18.0,13.0
2017-08-13,16.76,21.0,13.0
2017-08-14,19.34,24.0,11.0
2017-08-15,21.19,27.0,15.0
2017-08-16,18.92,23.56,16.0
2017-08-17,20.14,25.0,15.0
2017-08-18,18.96,22.0,15.0
2017-08-19,15.56,19.0,12.0
2017-08-20,14.75,19.0,11.0
2017-08-21,15.33,19.0,10.0
2017-08-22,15.86,21.0,10.0
2017-08-23,18.28,23.78,9.0
2017-08-24,18.83,23.0,14.0
2017-08-25,19.01,24.0,13.0
2017-08-26,20.6,25.0,15.0
2017-08-27,18.89,23.0,15.0
2017-08-28,18.91,25.0,13.0
2017-08-29,21.38,27.0,13.0
2017-08-30,22.28,28.25,17.0
2017-08-31,16.97,20.0,13.0
2017-09-01,14.12,18.0,10.42
2017-09-02,12.99,17.0,10.0
2017-09-03,12.76,18.0,8.0
2017-09-04,14.34,20.0,7.0
2017-09-05,18.08,22.0,10.5
2017-09-06,16.97,20.0,13.0
2017-09-07,14.34,18.0,12.0
2017-09-08,14.6,17.0,12.7
2017-09-09,13.81,16.14,11.0
2017-09-10,13.69,18.0,10.0
2017-09-11,13.78,18.0,11.94
2017-09-12,13.26,17.0,11.0
2017-09-13,13.93,18.0,10.25
2017-09-14,11.51,15.0,10.0
2017-09-15,11.59,16.0,8.75
2017-09-16,10.29,15.0,6.0
2017-09-17,10.11,16.0,6.0
2017-09-18,10.35,15.0,7.0
2017-09-19,10.95,15.0,8.0
2017-09-20,11.45,15.0,8.0
2017-09-21,11.95,17.75,7.0
2017-09-22,12.5,18.0,7.0
2017-09-23,12.94,18.0,9.0
2017-09-24,13.06,17.0,10.0
2017-09-25,12.9,17.0,10.0
2017-09-26,13.34,18.0,10.0
2017-09-27,13.9,19.0,10.0
2017-09-28,14.8,19.0,11.0
2017-09-29,16.25,21.0,13.0
2017-09-30,14.84,19.0,11.0
2017-10-01,12.41,16.0,8.5
2017-10-02,13.97,17.0,10.61
2017-10-03,12.16,15.0,10.0
2017-10-04,11.69,14.0,9.0
2017-10-05,11.56,15.0,9.0
2017-10-06,9.73,12.11,8.0
2017-10-07,10.04,12.0,8.7
2017-10-08,10.71,13.0,8.0
2017-10-09,10.36,13.0,7.0
2017-10-10,12.5,14.0,10.0
2017-10-11,13.37,16.0,12.0
2017-10-12,13.44,16.0,10.0
2017-10-13,13.28,17.0,9.0
2017-10-14,14.37,20.0,11.0
2017-10-15,14.12,21.0,9.0
2017-10-16,15.25,23.0,11.0
2017-10-17,13.58,19.78,10.0
2017-10-18,11.77,19.0,8.0
2017-10-19,12.71,19.64,8.0
2017-10-20,13.29,17.0,10.0
2017-10-21,12.56,16.0,10.0
2017-10-22,9.88,12.0,8.0
2017-10-23,9.73,11.5,8.0
2017-10-24,11.9,14.0,9.0
2017-10-25,13.71,17.0,11.0
2017-10-26,12.03,15.0,10.0
2017-10-27,10.57,13.0,8.14
2017-10-28,9.39,11.0,8.0
2017-10-29,9.14,12.0,6.0
2017-10-30,5.71,9.0,3.0
2017-10-31,6.62,9.0,4.0
2017-11-01,8.83,12.0,7.0
2017-11-02,9.75,13.0,6.0
2017-11-03,8.38,12.0,5.0
2017-11-04,9.05,13.0,4.5
2017-11-05,8.35,11.0,5.0
2017-11-06,4.93,8.0,2.0
2017-11-07,5.07,7.0,1.0
2017-11-08,6.53,8.0,5.0
2017-11-09,6.58,8.0,5.0
2017-11-10,6.57,8.0,5.0
2017-11-11,5.43,7.0,3.0
2017-11-12,3.94,6.0,2.0
2017-11-13,3.75,7.0,1.0
2017-11-14,3.83,7.0,0.0
2017-11-15,4.96,8.0,4.5
2017-11-16,4.92,8.0,3.0
2017-11-17,4.58,8.06,2.0
2017-11-18,4.14,6.0,3.0
2017-11-19,4.35,6.0,2.0
2017-11-20,3.83,6.0,2.0
2017-11-21,7.18,9.0,4.0
2017-11-22,8.16,11.94,5.0
2017-11-23,9.81,14.0,6.0
2017-11-24,8.5,12.0,5.0
2017-11-25,4.53,7.0,2.0
2017-11-26,2.88,5.0,1.0
2017-11-27,4.05,6.0,2.0
2017-11-28,4.53,6.0,3.0
2017-11-29,2.34,4.0,0.0
2017-11-30,1.15,3.0,-1.0
2017-12-01,0.6,2.0,-1.0
2017-12-02,-0.46,1.0,-2.0
2017-12-03,0.18,1.0,-1.0
2017-12-04,3.11,5.0,1.0
2017-12-05,4.98,6.06,3.0
2017-12-06,5.1,7.0,5.0
2017-12-07,4.33,7.0,1.5
2017-12-08,2.59,6.0,0.0
2017-12-09,0.23,2.0,-1.0
2017-12-10,-0.33,4.0,-2.0
2017-12-11,2.84,6.0,1.0
2017-12-12,2.07,4.0,0.0
2017-12-13,2.0,4.0,0.0
2017-12-14,3.34,5.0,2.0
2017-12-15,2.39,4.0,1.0
2017-12-16,1.76,3.0,0.0
2017-12-17,1.07,2.0,0.0
2017-12-18,0.87,3.0,0.0
2017-12-19,2.76,3.56,1.0
2017-12-20,3.93,5.0,2.94
2017-12-21,5.51,7.0,4.89
2017-12-22,5.9,6.5,4.0
2017-12-23,7.13,8.0,4.89
2017-12-24,6.96,9.0,7.0
2017-12-25,5.21,8.0,2.0
2017-12-26,3.88,7.5,2.0
2017-12-27,3.37,5.0,2.0
2017-12-28,2.32,4.0,1.0
2017-12-29,1.05,3.0,0.0
2017-12-30,4.4,10.0,1.0
2017-12-31,9.91,12.0,7.0
2018-01-01,6.48,9.0,4.0
2018-01-02,4.58,6.0,3.0
2018-01-03,6.04,9.0,4.0
2018-01-04,6.13,9.0,5.0
2018-01-05,7.09,9.0,5.0
2018-01-06,5.45,7.0,3.0
2018-01-07,2.2,4.0,0.0
2018-01-08,1.99,3.0,1.0
2018-01-09,3.54,6.0,1.0
2018-01-10,4.08,8.0,1.0
2018-01-11,3.22,5.0,1.0
2018-01-12,2.95,3.0,2.0
2018-01-13,2.06,3.0,0.0
2018-01-14,0.43,2.0,-2.0
2018-01-15,2.54,5.0,-2.0
2018-01-16,4.14,6.0,1.94
2018-01-17,1.64,3.0,0.0
2018-01-18,3.41,8.0,1.0
2018-01-19,2.05,4.0,0.0
2018-01-20,1.34,3.0,0.0
2018-01-21,0.7,2.0,-1.0
2018-01-22,2.65,5.0,0.0
2018-01-23,5.23,7.0,3.0
2018-01-24,8.92,12.0,7.0
2018-01-25,7.32,10.2,6.0
2018-01-26,5.4,7.0,4.0
2018-01-27,4.6,6.0,3.0
2018-01-28,7.21,9.0,5.0
2018-01-29,8.36,10.0,6.0
2018-01-30,5.04,7.0,2.0
2018-01-31,6.45,9.0,2.61
2018-02-01,2.76,5.0,1.0
2018-02-02,2.33,4.0,0.0
2018-02-03,0.88,3.0,-1.0
2018-02-04,-0.42,1.0,-2.0
2018-02-05,-1.03,1.0,-3.0
2018-02-06,-2.08,0.0,-5.0
2018-02-07,-2.39,0.0,-5.0
2018-02-08,-2.61,1.0,-6.11
2018-02-09,-1.33,1.0,-5.0
2018-02-10,0.5,2.0,-2.0
2018-02-11,1.69,4.0,0.0
2018-02-12,0.83,4.0,-2.0
2018-02-13,-0.85,4.0,-3.8
2018-02-14,-0.93,4.0,-6.0
2018-02-15,0.75,3.0,-1.5
2018-02-16,2.46,6.0,-1.0
2018-02-17,0.59,4.0,-2.0
2018-02-18,0.3,4.0,-3.0
2018-02-19,-0.17,3.7,-2.0
2018-02-20,-0.58,3.0,-4.0
2018-02-21,-0.95,3.0,-4.5
2018-02-22,-1.12,2.0,-4.0
2018-02-23,-2.18,1.0,-5.0
2018-02-24,-2.33,1.0,-6.0
2018-02-25,-5.02,-2.0,-8.0
2018-02-26,-6.38,-3.0,-9.0
2018-02-27,-7.45,-4.0,-11.0
2018-02-28,-8.55,-6.0,-13.0
2018-03-01,-5.9,-3.0,-10.0
2018-03-02,-5.28,-2.0,-9.44
2018-03-03,-2.87,-1.0,-6.0
2018-03-04,1.67,6.0,-3.0
2018-03-05,4.22,10.0,0.0
2018-03-06,3.24,7.0,-1.0
2018-03-07,3.56,7.0,0.0
2018-03-08,4.69,9.0,2.0
2018-03-09,5.6,8.89,2.0
2018-03-10,8.38,12.0,5.0
2018-03-11,10.08,15.0,6.0
2018-03-12,8.69,11.61,6.2
2018-03-13,6.57,9.0,4.0
2018-03-14,4.34,7.0,2.0
2018-03-15,4.9,9.0,1.0
2018-03-16,3.57,6.0,-0.5
2018-03-17,-1.95,0.0,-4.0
2018-03-18,-2.74,0.0,-5.0
2018-03-19,-2.16,2.0,-5.0
2018-03-20,0.05,3.5,-5.14
2018-03-21,0.68,5.0,-4.0
2018-03-22,2.3,4.0,-1.0
2018-03-23,3.7,6.0,1.06
2018-03-24,4.56,10.0,1.0
2018-03-25,6.09,11.0,-1.0
2018-03-26,4.79,8.0,1.0
2018-03-27,5.28,9.0,1.0
2018-03-28,6.06,9.0,4.0
2018-03-29,4.57,8.0,1.0
2018-03-30,6.54,12.89,0.0
2018-03-31,5.1,9.0,2.0
2018-04-01,3.82,7.0,1.31
2018-04-02,8.09,12.0,0.0
2018-04-03,12.94,18.0,7.0
2018-04-04,11.98,17.0,8.0
2018-04-05,8.46,11.0,3.0
2018-04-06,7.99,13.0,0.0
2018-04-07,13.16,20.11,4.89
2018-04-08,14.69,22.5,7.0
2018-04-09,14.52,20.0,8.0
2018-04-10,12.85,20.0,7.0
2018-04-11,10.31,16.0,7.0
2018-04-12,13.07,19.0,8.0
2018-04-13,11.45,15.0,7.5
2018-04-14,11.73,18.0,7.0
2018-04-15,12.92,18.0,7.86
2018-04-16,12.6,17.0,9.0
2018-04-17,13.95,20.0,6.0
2018-04-18,17.05,23.0,7.0
2018-04-19,18.83,25.0,10.0
2018-04-20,19.14,27.0,10.0
2018-04-21,16.74,23.0,10.0
2018-04-22,18.09,25.75,8.75
2018-04-23,15.4,19.0,11.0
2018-04-24,13.17,17.0,9.0
2018-04-25,13.46,16.5,8.0
2018-04-26,9.62,13.0,6.0
2018-04-27,12.52,17.0,4.0
2018-04-28,14.12,18.0,7.72
2018-04-29,16.36,22.0,8.0
2018-04-30,13.42,18.0,9.0
2018-05-01,9.42,13.0,6.0
2018-05-02,12.21,16.0,3.11
2018-05-03,12.77,17.0,8.0
2018-05-04,13.59,18.0,6.94
2018-05-05,15.27,20.0,7.5
2018-05-06,17.09,23.0,8.0
2018-05-07,18.38,24.0,9.0
2018-05-08,19.53,25.0,10.78
2018-05-09,19.73,25.0,12.0
2018-05-10,15.09,20.0,11.0
2018-05-11,14.15,19.0,9.0
2018-05-12,17.89,23.0,10.0
2018-05-13,16.95,24.2,13.0
2018-05-14,17.6,24.0,12.0
2018-05-15,16.05,21.28,11.0
2018-05-16,14.29,18.0,10.61
2018-05-17,12.57,16.14,9.25
2018-05-18,12.09,16.0,8.0
2018-05-19,13.38,18.0,8.0
2018-05-20,16.28,22.0,9.0
2018-05-21,18.42,23.0,11.0
2018-05-22,18.25,24.0,11.22
2018-05-23,18.37,24.0,13.0
2018-05-24,18.09,22.0,13.0
2018-05-25,19.1,24.7,14.0
2018-05-26,20.89,26.39,13.0
2018-05-27,20.5,27.0,14.0
2018-05-28,23.09,29.0,15.0
2018-05-29,22.5,28.0,17.0
2018-05-30,21.86,27.0,16.0
2018-05-31,21.92,28.0,16.0
2018-06-01,19.58,24.0,16.0
2018-06-02,18.84,22.0,16.0
2018-06-03,20.14,24.0,15.0
2018-06-04,20.67,26.0,14.0
2018-06-05,19.13,24.0,14.0
2018-06-06,21.08,26.0,13.06
2018-06-07,21.05,27.0,15.0
2018-06-08,21.53,27.0,16.0
2018-06-09,21.3,27.0,16.0
2018-06-10,20.36,25.0,16.0
2018-06-11,18.4,23.0,15.0
2018-06-12,15.95,18.0,14.0
2018-06-13,14.09,16.89,12.0
2018-06-14,15.87,21.0,10.0
2018-06-15,17.87,22.0,13.0
2018-06-16,19.96,25.0,14.0
2018-06-17,18.22,22.0,14.0
2018-06-18,17.89,22.0,14.0
2018-06-19,19.16,22.0,14.0
2018-06-20,22.23,27.72,15.0
2018-06-21,17.46,22.0,11.0
2018-06-22,12.78,16.0,9.0
2018-06-23,13.48,17.0,10.0
2018-06-24,14.76,17.61,11.0
2018-06-25,15.35,20.0,12.0
2018-06-26,16.61,21.39,12.0
2018-06-27,19.06,24.0,11.0
2018-06-28,20.29,26.0,12.0
2018-06-29,21.18,27.0,15.0
2018-06-30,20.77,25.0,14.0
2018-07-01,19.26,23.0,11.5
2018-07-02,20.14,25.0,10.0
2018-07-03,21.66,27.0,11.0
2018-07-04,21.52,27.0,13.0
2018-07-05,19.76,25.0,15.0
2018-07-06,18.2,23.28,14.0
2018-07-07,19.4,24.0,13.0
2018-07-08,19.79,25.0,12.0
2018-07-09,19.17,24.0,12.0
2018-07-10,15.93,20.0,12.0
2018-07-11,16.11,19.0,11.0
2018-07-12,18.52,24.0,14.0
2018-07-13,20.0,26.0,13.89
2018-07-14,20.36,26.0,14.0
2018-07-15,20.54,26.0,13.0
2018-07-16,21.67,27.0,13.0
2018-07-17,22.52,29.0,14.0
2018-07-18,21.27,26.0,14.89
2018-07-19,21.34,27.0,12.0
2018-07-20,22.41,28.0,14.0
2018-07-21,20.71,25.61,16.0
2018-07-22,20.61,26.06,16.0
2018-07-23,22.07,28.0,15.0
2018-07-24,25.37,31.0,16.0
2018-07-25,26.17,32.0,18.0
2018-07-26,27.22,33.0,19.0
2018-07-27,26.52,32.0,19.0
2018-07-28,23.7,30.0,18.0
2018-07-29,24.01,29.0,16.0
2018-07-30,26.68,32.7,18.5
2018-07-31,27.07,33.8,18.0
2018-08-01,24.13,29.0,18.0
2018-08-02,24.58,31.0,18.0
2018-08-03,26.83,33.0,18.0
2018-08-04,25.78,32.0,19.0
2018-08-05,22.7,27.0,17.0
2018-08-06,24.33,31.0,14.0
2018-08-07,27.05,35.0,17.0
2018-08-08,24.55,30.0,18.0
2018-08-09,22.44,31.0,16.0
2018-08-10,18.39,23.0,14.0
2018-08-11,17.51,22.0,12.0
2018-08-12,20.43,27.0,11.0
2018-08-13,19.26,25.0,14.0
2018-08-14,18.69,23.0,16.0
2018-08-15,19.47,24.0,15.0
2018-08-16,22.05,28.0,13.0
2018-08-17,20.61,27.0,14.0
2018-08-18,20.12,25.0,15.0
2018-08-19,21.9,28.0,14.0
2018-08-20,21.37,24.0,16.0
2018-08-21,21.35,26.0,15.0
2018-08-22,23.17,30.0,15.0
2018-08-23,21.85,28.0,16.0
2018-08-24,17.49,21.0,14.0
2018-08-25,13.41,16.72,10.0
2018-08-26,14.69,19.0,8.0
2018-08-27,17.09,21.0,12.0
2018-08-28,17.69,23.0,13.0
2018-08-29,20.27,28.0,11.0
2018-08-30,16.49,19.78,13.0
2018-08-31,14.68,19.0,10.0
2018-09-01,15.23,20.0,10.0
2018-09-02,16.55,20.0,11.0
2018-09-03,18.08,21.72,15.0
2018-09-04,18.13,24.5,14.0
2018-09-05,18.68,25.0,13.0
2018-09-06,18.06,25.0,13.0
2018-09-07,16.35,20.0,12.0
2018-09-08,15.38,20.0,10.0
2018-09-09,17.29,24.0,11.0
2018-09-10,18.43,24.0,11.78
2018-09-11,19.32,26.0,14.0
2018-09-12,18.44,26.0,12.28
2018-09-13,15.34,19.0,12.0
2018-09-14,15.12,20.0,11.22
2018-09-15,15.0,20.0,11.0
2018-09-16,16.73,22.06,9.0
2018-09-17,17.26,26.0,10.0
2018-09-18,21.6,30.0,12.0
2018-09-19,20.46,27.0,14.0
2018-09-20,19.85,26.0,15.0
2018-09-21,17.13,24.0,11.0
2018-09-22,12.3,16.0,10.0
2018-09-23,12.29,13.5,8.47
2018-09-24,9.16,13.0,6.0
2018-09-25,8.5,14.0,3.0
2018-09-26,11.68,17.0,4.0
2018-09-27,14.22,22.0,7.0
2018-09-28,12.45,16.0,6.0
2018-09-29,9.25,15.0,4.0
2018-09-30,10.88,18.0,2.14
2018-10-01,9.21,13.0,6.0
2018-10-02,8.78,11.0,4.94
2018-10-03,10.99,14.0,8.0
2018-10-04,11.02,16.0,6.0
2018-10-05,12.84,21.0,6.0
2018-10-06,14.93,22.0,7.72
2018-10-07,12.13,15.0,7.0
2018-10-08,10.54,17.0,5.0
2018-10-09,11.96,19.94,6.0
2018-10-10,14.22,21.89,7.0
2018-10-11,15.44,23.0,10.0
2018-10-12,17.05,25.0,11.0
2018-10-13,17.18,25.0,12.0
2018-10-14,16.23,24.0,10.0
2018-10-15,15.02,23.75,9.5
2018-10-16,13.97,22.0,8.0
2018-10-17,13.19,21.0,8.28
2018-10-18,12.16,16.28,7.0
2018-10-19,9.38,15.0,5.0
2018-10-20,9.14,15.0,4.0
2018-10-21,8.9,15.0,4.0
2018-10-22,9.14,13.0,3.64
2018-10-23,10.19,12.0,5.0
2018-10-24,11.4,13.0,10.0
2018-10-25,11.47,13.0,10.0
2018-10-26,9.58,12.0,7.0
2018-10-27,6.23,8.0,4.0
2018-10-28,3.86,6.0,1.0
2018-10-29,4.78,6.39,4.0
2018-10-30,6.83,9.36,4.0
2018-10-31,7.73,11.0,3.5
2018-11-01,7.78,12.0,4.0
2018-11-02,8.68,12.0,4.0
2018-11-03,6.55,10.0,4.0
2018-11-04,8.81,10.0,5.0
2018-11-05,9.77,13.0,7.0
2018-11-06,9.06,15.2,5.0
2018-11-07,9.72,16.0,6.0
2018-11-08,9.54,13.0,6.0
2018-11-09,8.97,12.0,6.0
2018-11-10,9.87,12.28,7.94
2018-11-11,10.51,14.0,9.0
2018-11-12,10.63,15.0,9.0
2018-11-13,9.52,12.0,7.0
2018-11-14,6.42,10.0,3.0
2018-11-15,4.89,8.0,2.0
2018-11-16,3.93,9.0,1.0
2018-11-17,2.65,7.0,0.0
2018-11-18,2.33,6.0,-2.0
2018-11-19,2.89,5.0,1.0
2018-11-20,2.01,4.0,1.0
2018-11-21,1.46,2.28,0.0
2018-11-22,1.52,3.0,0.0
2018-11-23,1.21,3.0,-1.0
2018-11-24,3.03,5.0,1.0
2018-11-25,3.76,5.0,2.0
2018-11-26,3.53,5.0,2.0
2018-11-27,1.35,3.0,0.0
2018-11-28,1.37,3.0,-1.5
2018-11-29,3.56,6.0,1.0
2018-11-30,5.24,8.0,4.0
2018-12-01,5.96,8.0,4.0
2018-12-02,8.64,11.0,7.0
2018-12-03,11.07,13.0,9.0
2018-12-04,6.61,9.0,1.0
2018-12-05,3.06,6.0,0.0
2018-12-06,8.0,10.0,4.0
2018-12-07,10.36,12.0,7.0
2018-12-08,6.81,9.0,5.0
2018-12-09,6.71,8.0,5.0
2018-12-10,3.99,6.0,3.0
2018-12-11,2.91,5.0,1.69
2018-12-12,1.93,4.0,0.0
2018-12-13,0.45,2.0,-1.0
2018-12-14,-0.22,1.0,0.0
2018-12-15,-0.9,0.0,-2.0
2018-12-16,-0.86,1.0,-2.0
2018-12-17,2.34,4.0,0.0
2018-12-18,3.56,6.0,1.0
2018-12-19,3.57,5.0,1.0
2018-12-20,5.45,7.0,4.0
2018-12-21,7.35,11.0,5.5
2018-12-22,8.0,10.0,6.28
2018-12-23,6.9,8.0,5.0
2018-12-24,3.78,6.0,1.0
2018-12-25,2.33,4.0,0.0
2018-12-26,1.65,4.0,-1.0
2018-12-27,2.11,5.0,-0.2
2018-12-28,2.12,4.28,-1.0
2018-12-29,3.48,6.0,3.0
2018-12-30,5.5,7.5,4.0
2018-12-31,6.23,8.0,5.0
2019-01-01,5.92,8.0,3.0
2019-01-02,2.6,4.0,-1.0
2019-01-03,-0.06,2.0,-3.0
2019-01-04,1.93,4.0,-1.0
2019-01-05,4.5,7.0,2.5
2019-01-06,4.03,5.0,3.0
2019-01-07,4.08,6.0,3.0
2019-01-08,4.62,6.0,3.0
2019-01-09,1.73,3.0,1.0
2019-01-10,0.26,2.0,-1.0
2019-01-11,1.66,5.0,-1.0
2019-01-12,3.9,6.0,3.0
2019-01-13,5.68,8.0,5.0
2019-01-14,3.16,6.0,1.0
2019-01-15,4.07,6.0,1.0
2019-01-16,4.48,6.0,3.0
2019-01-17,4.09,6.0,1.0
2019-01-18,-0.28,2.0,-4.0
2019-01-19,-2.65,2.0,-5.0
2019-01-20,-3.94,-0.5,-7.0
2019-01-21,-3.78,0.0,-8.0
2019-01-22,-3.35,-1.0,-6.0
2019-01-23,-4.31,-3.0,-6.0
2019-01-24,-4.22,-3.0,-6.0
2019-01-25,-3.19,-2.0,-5.0
2019-01-26,2.93,5.0,-1.0
2019-01-27,4.45,6.0,2.0
2019-01-28,1.86,4.0,0.0
2019-01-29,0.42,3.0,-2.0
2019-01-30,-0.26,2.0,-3.0
2019-01-31,-0.68,2.0,-3.0
2019-02-01,0.5,2.0,-2.0
2019-02-02,1.26,2.0,0.0
2019-02-03,0.68,3.0,-1.0
2019-02-04,0.57,4.0,-3.0
2019-02-05,0.79,4.0,-1.0
2019-02-06,1.21,5.0,-1.5
2019-02-07,3.02,6.0,1.0
2019-02-08,5.16,8.0,3.5
2019-02-09,6.6,9.86,5.0
2019-02-10,6.28,9.0,3.0
2019-02-11,3.79,6.0,1.0
2019-02-12,2.86,6.0,1.0
2019-02-13,3.64,8.0,1.0
2019-02-14,3.61,10.25,-1.0
2019-02-15,4.96,14.0,-2.0
2019-02-16,5.6,14.0,0.0
2019-02-17,5.9,14.0,0.0
2019-02-18,5.91,15.0,0.0
2019-02-19,6.16,10.0,3.0
2019-02-20,5.64,10.0,3.0
2019-02-21,7.95,11.0,4.0
2019-02-22,6.68,9.0,2.0
2019-02-23,2.42,7.0,-1.0
2019-02-24,3.81,12.0,-2.0
2019-02-25,5.66,15.0,-1.89
2019-02-26,6.4,16.0,0.0
2019-02-27,7.65,17.0,-1.0
2019-02-28,8.65,14.0,3.0
2019-03-01,6.38,9.0,5.0
2019-03-02,6.03,8.0,4.0
2019-03-03,9.44,11.0,7.0
2019-03-04,8.58,13.0,5.0
2019-03-05,5.52,8.0,3.0
2019-03-06,8.49,12.5,2.55
2019-03-07,9.02,12.0,6.75
2019-03-08,6.86,9.0,4.5
2019-03-09,7.67,10.61,5.0
2019-03-10,7.21,11.0,3.0
2019-03-11,3.12,6.0,1.0
2019-03-12,5.59,9.0,1.0
2019-03-13,5.57,8.0,4.0
2019-03-14,5.24,7.0,4.0
2019-03-15,7.71,10.0,5.0
2019-03-16,8.31,11.0,5.0
2019-03-17,7.15,11.0,3.0
2019-03-18,4.11,8.0,2.0
2019-03-19,3.85,8.0,-1.0
2019-03-20,6.62,11.0,-1.0
2019-03-21,8.41,14.0,3.0
2019-03-22,9.67,17.0,3.0
2019-03-23,8.14,13.0,4.0
2019-03-24,7.01,11.0,2.75
2019-03-25,5.09,8.0,2.0
2019-03-26,5.6,8.0,2.0
2019-03-27,6.94,10.0,3.0
2019-03-28,8.93,12.0,5.0
2019-03-29,9.81,15.0,4.0
2019-03-30,11.04,18.0,2.5
2019-03-31,9.11,13.0,3.0
2019-04-01,8.08,14.0,1.0
2019-04-02,11.47,16.0,2.0
2019-04-03,9.28,13.0,6.0
2019-04-04,6.44,9.0,3.0
2019-04-05,7.11,9.0,4.0
2019-04-06,10.41,17.0,5.0
2019-04-07,12.22,18.0,5.0
2019-04-08,10.7,15.39,5.72
2019-04-09,8.48,13.0,5.0
2019-04-10,6.86,11.0,2.39
2019-04-11,5.44,9.0,1.0
2019-04-12,3.83,6.61,1.0
2019-04-13,3.28,7.0,0.06
2019-04-14,4.8,8.0,1.0
2019-04-15,8.58,14.0,2.39
2019-04-16,10.41,16.0,2.0
2019-04-17,11.98,18.0,6.0
2019-04-18,14.04,20.0,6.0
2019-04-19,14.98,22.0,7.0
2019-04-20,14.91,22.0,6.0
2019-04-21,14.97,22.0,5.0
2019-04-22,15.72,21.0,7.0
2019-04-23,15.15,20.0,9.89
2019-04-24,16.24,24.0,10.0
2019-04-25,16.04,23.0,8.0
2019-04-26,10.96,15.0,8.0
2019-04-27,9.48,13.44,6.0
2019-04-28,7.67,12.0,4.0
2019-04-29,8.96,12.0,3.0
2019-04-30,10.22,16.47,6.0
2019-05-01,10.44,17.0,6.0
2019-05-02,10.59,16.0,6.0
2019-05-03,8.39,11.0,6.0
2019-05-04,4.94,9.0,2.0
2019-05-05,5.89,10.0,0.0
2019-05-06,6.87,10.0,2.0
2019-05-07,8.12,12.0,2.0
2019-05-08,10.83,13.5,4.0
2019-05-09,11.51,16.0,8.0
2019-05-10,10.84,14.0,8.0
2019-05-11,9.81,14.0,6.0
2019-05-12,8.89,13.0,5.0
2019-05-13,9.89,14.89,3.0
2019-05-14,9.7,14.0,3.0
2019-05-15,10.0,14.0,2.64
2019-05-16,9.45,13.0,6.0
2019-05-17,11.57,17.0,7.7
2019-05-18,15.14,21.0,8.0
2019-05-19,15.83,22.0,10.0
2019-05-20,14.44,18.0,11.0
2019-05-21,13.11,14.0,11.0
2019-05-22,11.87,15.5,8.64
2019-05-23,14.89,20.0,6.0
2019-05-24,16.51,22.0,8.0
2019-05-25,13.94,19.0,9.0
2019-05-26,16.26,21.0,8.61
2019-05-27,15.5,19.0,11.0
2019-05-28,12.65,16.0,9.0
2019-05-29,12.05,16.0,7.0
2019-05-30,15.51,19.0,8.0
2019-05-31,17.59,22.0,13.0
2019-06-01,20.04,26.0,11.61
2019-06-02,23.17,29.0,13.0
2019-06-03,20.46,28.0,15.0
2019-06-04,21.31,27.0,13.0
2019-06-05,23.31,28.0,16.06
2019-06-06,16.25,20.0,11.0
2019-06-07,16.63,24.0,9.0
2019-06-08,15.36,19.8,12.0
2019-06-09,18.06,22.0,10.0
2019-06-10,17.68,23.0,14.0
2019-06-11,17.1,21.0,14.0
2019-06-12,16.14,20.0,13.0
2019-06-13,17.8,23.0,12.0
2019-06-14,21.25,27.0,12.0
2019-06-15,20.08,23.0,15.0
2019-06-16,17.4,21.0,13.0
2019-06-17,20.35,26.0,11.0
2019-06-18,23.12,28.0,14.39
2019-06-19,23.32,30.0,16.0
2019-06-20,18.83,23.0,15.0
2019-06-21,17.96,23.0,13.0
2019-06-22,18.82,23.14,12.0
2019-06-23,21.27,26.14,14.5
2019-06-24,23.99,29.0,16.0
2019-06-25,26.99,33.0,18.0
2019-06-26,26.35,33.0,18.0
2019-06-27,21.07,26.0,15.0
2019-06-28,19.5,26.0,12.0
2019-06-29,23.45,31.0,12.0
2019-06-30,26.33,34.34,16.0
2019-07-01,21.57,27.0,17.0
2019-07-02,18.22,23.0,13.0
2019-07-03,17.41,21.0,10.0
2019-07-04,18.15,24.0,10.0
2019-07-05,19.63,26.0,13.0
2019-07-06,19.8,27.0,13.0
2019-07-07,15.85,19.0,12.0
2019-07-08,14.97,18.0,10.0
2019-07-09,14.94,18.0,10.0
2019-07-10,16.87,22.0,8.0
2019-07-11,16.56,21.0,13.0
2019-07-12,16.79,22.0,13.3
2019-07-13,16.35,20.0,14.0
2019-07-14,15.59,19.0,13.0
2019-07-15,15.54,18.0,12.0
2019-07-16,15.79,20.0,11.0
2019-07-17,17.8,23.0,12.0
2019-07-18,20.8,26.0,11.0
2019-07-19,19.85,25.0,15.8
2019-07-20,21.94,30.0,14.89
2019-07-21,20.21,25.0,16.0
2019-07-22,21.8,28.0,14.0
2019-07-23,25.24,32.0,15.5
2019-07-24,27.96,35.0,18.0
2019-07-25,29.02,36.0,19.5
2019-07-26,27.15,33.0,19.0
2019-07-27,22.79,27.0,18.0
2019-07-28,21.03,25.0,18.0
2019-07-29,20.32,25.0,17.0
2019-07-30,22.12,28.0,16.0
2019-07-31,19.25,24.0,15.0
2019-08-01,19.59,24.0,13.0
2019-08-02,19.0,24.0,14.0
2019-08-03,18.36,23.0,14.0
2019-08-04,19.9,25.0,13.0
2019-08-05,20.88,26.0,16.0
2019-08-06,20.35,25.0,16.0
2019-08-07,18.46,23.0,15.11
2019-08-08,19.12,24.3,14.0
2019-08-09,21.94,28.0,13.0
2019-08-10,20.97,25.0,18.0
2019-08-11,20.01,25.0,15.0
2019-08-12,16.88,22.0,14.0
2019-08-13,15.17,19.44,12.0
2019-08-14,16.15,21.0,10.0
2019-08-15,16.52,21.0,13.0
2019-08-16,17.46,22.0,13.0
2019-08-17,18.61,22.0,15.0
2019-08-18,19.37,24.0,15.0
2019-08-19,17.7,22.0,14.0
2019-08-20,16.83,21.0,12.0
2019-08-21,16.03,21.64,10.44
2019-08-22,18.86,25.0,11.0
2019-08-23,19.98,26.0,11.0
2019-08-24,21.46,28.0,13.0
2019-08-25,22.86,30.0,15.0
2019-08-26,23.46,31.0,17.0
2019-08-27,23.64,31.0,17.0
2019-08-28,23.51,31.0,18.0
2019-08-29,20.77,25.0,17.0
2019-08-30,20.57,26.0,14.39
2019-08-31,23.5,30.89,14.5
2019-09-01,19.16,23.0,14.0
2019-09-02,15.25,20.0,10.0
2019-09-03,15.98,20.0,9.5
2019-09-04,17.13,24.0,12.0
2019-09-05,14.52,18.0,11.0
2019-09-06,14.23,19.0,8.0
2019-09-07,13.27,17.0,10.0
2019-09-08,12.47,16.61,9.0
2019-09-09,12.19,17.0,9.0
2019-09-10,12.75,19.0,7.0
2019-09-11,15.05,20.22,8.0
2019-09-12,17.09,22.0,14.0
2019-09-13,17.33,21.75,11.0
2019-09-14,14.75,20.0,9.0
2019-09-15,16.72,24.0,9.0
2019-09-16,15.34,18.0,11.0
2019-09-17,13.27,17.0,9.0
2019-09-18,10.93,16.0,6.0
2019-09-19,10.02,16.0,5.0
2019-09-20,11.14,17.0,4.0
2019-09-21,14.2,22.0,6.0
2019-09-22,16.83,24.0,8.06
2019-09-23,14.93,18.0,11.0
2019-09-24,14.25,19.0,11.0
2019-09-25,14.24,17.39,12.0
2019-09-26,15.53,18.0,12.0
2019-09-27,15.17,18.11,13.0
2019-09-28,14.36,17.75,13.0
2019-09-29,15.45,18.0,12.7
2019-09-30,14.37,17.0,11.0
2019-10-01,14.22,18.0,10.0
2019-10-02,11.1,14.0,7.0
2019-10-03,8.79,12.5,6.5
2019-10-04,9.51,11.11,7.0
2019-10-05,9.39,11.61,6.0
2019-10-06,8.03,10.11,4.22
2019-10-07,8.6,12.0,5.0
2019-10-08,12.18,15.0,9.0
2019-10-09,11.29,14.0,9.0
2019-10-10,10.61,14.0,8.0
2019-10-11,12.64,16.5,9.0
2019-10-12,14.94,20.0,11.0
2019-10-13,16.83,23.0,12.0
2019-10-14,15.93,22.5,12.0
2019-10-15,14.21,20.0,11.0
2019-10-16,12.43,15.0,10.14
2019-10-17,13.29,16.06,12.0
2019-10-18,12.91,17.0,10.0
2019-10-19,12.08,15.0,9.5
2019-10-20,12.41,15.0,10.0
2019-10-21,12.73,17.0,11.0
2019-10-22,11.42,15.0,9.0
2019-10-23,11.64,15.0,8.11
2019-10-24,12.97,17.0,10.0
2019-10-25,13.19,16.0,11.0
2019-10-26,13.89,19.0,10.0
2019-10-27,10.78,17.0,6.86
2019-10-28,6.79,11.5,4.0
2019-10-29,5.27,9.0,2.0
2019-10-30,3.62,8.11,0.0
2019-10-31,2.68,8.0,-1.72
2019-11-01,5.68,9.0,1.0
2019-11-02,12.03,16.0,9.0
2019-11-03,10.88,13.0,9.0
2019-11-04,9.98,12.06,8.0
2019-11-05,8.29,10.44,6.0
2019-11-06,7.27,9.0,5.0
2019-11-07,6.79,10.0,3.0
2019-11-08,5.49,8.11,3.0
2019-11-09,4.72,8.0,1.0
2019-11-10,2.17,7.0,-1.0
2019-11-11,2.75,5.0,0.0
2019-11-12,4.54,7.0,2.0
2019-11-13,4.04,6.0,2.0
2019-11-14,3.75,8.0,1.0
2019-11-15,4.64,7.0,2.0
2019-11-16,4.36,7.0,1.0
2019-11-17,3.97,6.0,0.0
2019-11-18,5.18,7.0,3.0
2019-11-19,4.72,7.0,2.0
2019-11-20,2.51,4.0,1.0
2019-11-21,4.2,6.0,2.0
2019-11-22,4.63,7.0,2.0
2019-11-23,5.9,9.0,3.0
2019-11-24,4.41,7.61,2.0
2019-11-25,4.52,6.0,2.94
2019-11-26,6.72,9.0,4.0
2019-11-27,8.2,10.0,6.0
2019-11-28,9.06,10.0,7.36
2019-11-29,5.47,8.0,2.0
2019-11-30,1.95,5.14,-1.0
2019-12-01,0.69,2.0,-2.0
2019-12-02,2.39,5.0,-1.0
2019-12-03,3.24,6.0,0.0
2019-12-04,1.32,6.0,-2.0
2019-12-05,0.01,4.0,-3.0
2019-12-06,3.17,6.7,-1.0
2019-12-07,7.61,9.0,6.0
2019-12-08,8.47,10.0,6.39
2019-12-09,6.3,8.0,4.0
2019-12-10,2.99,6.0,0.0
2019-12-11,2.6,4.0,1.0
2019-12-12,2.96,5.0,1.0
2019-12-13,2.12,4.0,0.0
2019-12-14,5.32,7.0,2.0
2019-12-15,7.11,10.0,4.0
2019-12-16,6.39,9.0,4.0
2019-12-17,8.61,12.0,5.0
2019-12-18,6.98,11.0,4.0
2019-12-19,5.79,9.39,2.0
2019-12-20,6.79,10.0,2.0
2019-12-21,5.92,9.0,3.0
2019-12-22,5.64,8.0,3.0
2019-12-23,6.41,8.0,5.0
2019-12-24,5.98,8.0,4.0
2019-12-25,6.01,7.0,4.0
2019-12-26,3.79,6.0,2.0
2019-12-27,3.14,4.39,0.5
2019-12-28,-0.18,2.0,-3.0
2019-12-29,-0.7,2.0,-4.0
2019-12-30,2.54,7.0,-0.5
2019-12-31,2.85,6.0,-1.0
2020-01-01,-0.43,4.0,-3.0
2020-01-02,-0.27,4.0,-3.0
2020-01-03,5.48,8.0,3.0
2020-01-04,4.35,6.22,2.0
2020-01-05,3.65,5.0,-0.06
2020-01-06,2.52,5.0,0.0
2020-01-07,4.04,7.0,0.0
2020-01-08,6.21,8.0,3.0
2020-01-09,8.43,11.0,7.0
2020-01-10,7.67,10.0,4.0
2020-01-11,3.99,6.0,0.0
2020-01-12,3.56,6.0,0.0
2020-01-13,4.66,7.0,3.0
2020-01-14,7.27,11.0,5.0
2020-01-15,8.85,12.0,6.0
2020-01-16,6.54,11.0,3.0
2020-01-17,6.02,10.0,2.0
2020-01-18,4.02,6.0,2.0
2020-01-19,2.03,5.0,0.0
2020-01-20,2.04,5.0,-1.5
2020-01-21,0.13,5.0,-3.0
2020-01-22,0.58,2.0,-3.0
2020-01-23,1.13,3.39,-2.0
2020-01-24,-0.14,2.39,-3.0
2020-01-25,0.54,3.0,-1.0
2020-01-26,1.77,4.61,-1.0
2020-01-27,5.75,9.0,3.0
2020-01-28,4.84,7.0,2.0
2020-01-29,3.33,5.0,2.0
2020-01-30,6.53,8.0,3.0
2020-01-31,10.51,12.0,8.0
2020-02-01,10.58,13.0,8.0
2020-02-02,8.37,11.0,6.0
2020-02-03,8.21,10.0,6.0
2020-02-04,3.98,7.0,2.0
2020-02-05,3.02,6.0,-1.0
2020-02-06,2.22,6.0,-1.0
2020-02-07,2.27,6.0,-1.0
2020-02-08,3.66,8.0,-1.0
2020-02-09,9.36,13.0,5.0
2020-02-10,7.29,12.0,4.0
2020-02-11,4.07,6.0,2.0
2020-02-12,3.37,6.0,2.0
2020-02-13,3.67,5.78,0.0
2020-02-14,5.24,7.0,3.0
2020-02-15,6.5,11.0,2.78
2020-02-16,11.6,16.0,8.0
2020-02-17,8.12,11.0,6.0
2020-02-18,6.02,8.0,4.0
2020-02-19,4.85,7.0,3.0
2020-02-20,5.96,9.0,2.0
2020-02-21,5.51,8.0,3.0
2020-02-22,8.48,11.0,4.0
2020-02-23,8.33,12.0,5.0
2020-02-24,5.94,10.0,3.0
2020-02-25,7.36,10.0,4.0
2020-02-26,2.55,5.0,1.0
2020-02-27,2.08,5.0,0.0
2020-02-28,3.07,7.0,1.0
2020-02-29,7.22,13.0,2.0
2020-03-01,6.42,10.0,4.0
2020-03-02,5.87,9.0,2.0
2020-03-03,4.42,7.5,1.0
2020-03-04,3.62,7.0,0.0
2020-03-05,5.24,8.0,0.0
2020-03-06,4.84,7.0,3.0
2020-03-07,4.54,7.0,2.0
2020-03-08,6.79,10.0,3.5
2020-03-09,6.64,10.0,4.0
2020-03-10,7.16,11.0,4.0
2020-03-11,10.71,13.0,8.0
2020-03-12,9.76,13.0,5.0
2020-03-13,6.17,9.0,2.0
2020-03-14,4.7,9.0,-1.0
2020-03-15,7.56,13.0,3.0
2020-03-16,9.39,16.0,3.0
2020-03-17,9.3,14.0,5.0
2020-03-18,9.97,16.0,5.0
2020-03-19,9.79,16.0,5.0
2020-03-20,8.13,10.0,4.5
2020-03-21,3.92,7.0,1.0
2020-03-22,2.15,6.0,-2.0
2020-03-23,1.44,7.0,-3.0
2020-03-24,2.67,8.0,-3.0
2020-03-25,3.7,10.0,-3.0
2020-03-26,4.78,10.0,-1.0
2020-03-27,8.38,16.0,1.0
2020-03-28,7.89,14.0,1.0
2020-03-29,3.38,5.0,0.0
2020-03-30,2.0,6.0,-4.0
2020-03-31,2.23,7.0,-3.0
2020-04-01,3.84,9.0,-3.0
2020-04-02,6.41,11.0,-1.0
2020-04-03,6.93,10.0,2.0
2020-04-04,7.38,13.0,0.0
2020-04-05,10.96,17.0,2.0
2020-04-06,12.6,21.0,5.0
2020-04-07,13.24,20.0,6.0
2020-04-08,13.87,22.0,7.0
2020-04-09,13.21,20.0,5.0
2020-04-10,11.44,19.5,3.0
2020-04-11,11.93,19.0,3.0
2020-04-12,14.61,22.0,5.0
2020-04-13,8.55,13.0,3.39
2020-04-14,4.99,9.0,0.0
2020-04-15,8.64,16.0,0.72
2020-04-16,12.6,21.0,3.0
2020-04-17,12.96,20.0,5.0
2020-04-18,13.47,20.0,6.11
2020-04-19,11.43,16.0,7.11
2020-04-20,11.45,16.0,4.84
2020-04-21,12.65,18.0,6.0
2020-04-22,13.17,19.0,6.0
2020-04-23,13.56,21.0,5.0
2020-04-24,13.97,20.0,6.0
2020-04-25,10.77,16.0,6.0
2020-04-26,11.37,18.0,3.0
2020-04-27,14.29,21.0,4.0
2020-04-28,13.14,18.0,7.0
2020-04-29,11.68,15.5,9.0
2020-04-30,11.23,16.0,8.0
2020-05-01,9.77,14.0,7.0
2020-05-02,8.9,13.0,6.0
2020-05-03,10.72,15.0,5.0
2020-05-04,10.69,15.0,6.39
2020-05-05,8.76,13.78,3.0
2020-05-06,10.35,15.0,2.0
2020-05-07,12.41,19.0,3.0
2020-05-08,15.6,22.0,5.0
2020-05-09,16.61,23.0,9.0
2020-05-10,15.22,22.75,10.0
2020-05-11,7.56,13.0,3.0
2020-05-12,7.07,11.0,1.0
2020-05-13,8.55,12.0,4.0
2020-05-14,9.27,13.0,4.5
2020-05-15,10.31,14.0,3.0
2020-05-16,12.06,17.0,4.0
2020-05-17,13.15,18.0,5.0
2020-05-18,16.13,22.0,7.0
2020-05-19,17.11,22.0,9.0
2020-05-20,15.99,20.0,11.0
2020-05-21,17.61,23.0,8.0
2020-05-22,18.91,23.5,12.0
2020-05-23,14.02,17.11,10.0
2020-05-24,12.84,16.0,9.0
2020-05-25,13.24,17.0,10.0
2020-05-26,13.88,19.0,7.0
2020-05-27,16.41,21.0,7.0
2020-05-28,14.59,19.0,9.0
2020-05-29,15.41,20.0,6.25
2020-05-30,15.64,19.0,8.0
2020-05-31,15.47,20.0,9.0
2020-06-01,11.64,12.0,12.0
