,temp,max_temp,min_temp
2015-01-01,6.11,14.0,0.5
2015-01-02,6.46,15.0,0.5
2015-01-03,7.83,15.0,2.0
2015-01-04,8.52,16.0,4.0
2015-01-05,6.82,15.0,3.0
2015-01-06,6.89,12.0,4.0
2015-01-07,6.08,14.0,2.0
2015-01-08,6.11,14.0,2.0
2015-01-09,6.88,16.0,2.0
2015-01-10,8.16,16.0,3.0
2015-01-11,8.63,16.0,5.0
2015-01-12,8.61,16.0,4.0
2015-01-13,9.56,16.0,6.0
2015-01-14,9.06,15.0,6.0
2015-01-15,9.73,15.0,5.0
2015-01-16,8.18,11.0,6.0
2015-01-17,6.29,11.0,2.0
2015-01-18,6.59,9.0,2.0
2015-01-19,6.44,9.0,4.0
2015-01-20,4.84,7.5,3.0
2015-01-21,5.86,9.0,2.0
2015-01-22,6.94,10.0,4.0
2015-01-23,6.92,12.0,3.0
2015-01-24,7.66,13.0,3.0
2015-01-25,8.64,15.0,4.0
2015-01-26,8.09,13.0,2.0
2015-01-27,8.91,14.0,4.0
2015-01-28,7.97,13.0,4.0
2015-01-29,10.34,14.0,6.0
2015-01-30,12.89,14.5,10.5
2015-01-31,8.82,12.0,5.0
2015-02-01,6.38,9.5,3.5
2015-02-02,6.77,11.0,3.0
2015-02-03,7.44,9.0,4.0
2015-02-04,4.14,7.0,1.0
2015-02-05,4.48,8.5,1.5
2015-02-06,3.6,7.0,0.0
2015-02-07,4.36,8.0,1.0
2015-02-08,5.24,11.0,1.0
2015-02-09,7.0,12.5,1.0
2015-02-10,7.83,14.0,1.0
2015-02-11,8.46,13.5,2.0
2015-02-12,8.48,13.0,5.0
2015-02-13,7.85,13.0,5.0
2015-02-14,10.44,13.0,8.0
2015-02-15,11.16,14.0,9.0
2015-02-16,10.35,13.0,6.0
2015-02-17,8.82,12.0,6.0
2015-02-18,9.09,14.0,4.5
2015-02-19,8.93,14.0,2.0
2015-02-20,8.63,13.0,3.0
2015-02-21,9.35,12.0,6.0
2015-02-22,10.07,15.0,5.0
2015-02-23,11.25,14.0,7.0
2015-02-24,9.27,12.0,6.0
2015-02-25,11.45,15.0,7.5
2015-02-26,12.33,14.0,8.0
2015-02-27,11.5,15.0,7.0
2015-02-28,11.62,16.0,5.0
2015-03-01,13.83,19.0,9.0
2015-03-02,13.89,18.0,10.0
2015-03-03,12.38,17.0,9.5
2015-03-04,10.48,14.0,7.0
2015-03-05,10.55,17.0,5.0
2015-03-06,10.95,17.0,3.0
2015-03-07,12.14,21.0,3.0
2015-03-08,12.29,18.0,4.0
2015-03-09,12.38,19.0,5.0
2015-03-10,12.5,19.0,6.0
2015-03-11,13.36,20.0,7.0
2015-03-12,13.05,19.5,7.0
2015-03-13,11.42,16.0,8.0
2015-03-14,9.28,13.0,6.0
2015-03-15,8.64,11.0,4.0
2015-03-16,9.88,14.0,4.0
2015-03-17,11.75,15.0,5.0
2015-03-18,10.66,14.0,7.0
2015-03-19,11.62,15.0,9.0
2015-03-20,10.94,13.0,9.0
2015-03-21,10.82,14.0,10.0
2015-03-22,10.78,13.0,8.0
2015-03-23,9.43,12.5,7.0
2015-03-24,10.23,13.0,7.0
2015-03-25,9.31,12.5,7.0
2015-03-26,11.84,15.0,6.0
2015-03-27,14.82,19.0,9.5
2015-03-28,15.91,22.0,10.0
2015-03-29,16.14,21.5,10.0
2015-03-30,16.95,23.0,11.0
2015-03-31,17.04,23.0,11.0
2015-04-01,15.09,19.0,10.0
2015-04-02,14.96,20.0,7.0
2015-04-03,14.86,20.0,8.0
2015-04-04,13.95,18.0,9.0
2015-04-05,14.21,18.0,9.0
2015-04-06,13.98,19.0,9.0
2015-04-07,13.8,18.0,7.0
2015-04-08,13.75,18.0,10.0
2015-04-09,12.27,16.0,9.0
2015-04-10,13.39,18.0,9.0
2015-04-11,13.61,18.0,10.0
2015-04-12,15.65,21.0,9.0
2015-04-13,18.19,23.0,11.0
2015-04-14,19.26,24.0,12.0
2015-04-15,16.13,19.0,12.0
2015-04-16,14.7,19.0,11.5
2015-04-17,14.9,20.0,10.0
2015-04-18,14.7,19.0,10.0
2015-04-19,14.05,18.5,9.0
2015-04-20,15.64,20.0,8.0
2015-04-21,17.34,23.0,10.0
2015-04-22,15.44,20.5,11.0
2015-04-23,16.45,21.0,9.0
2015-04-24,16.53,21.0,11.0
2015-04-25,16.92,20.0,13.0
2015-04-26,14.75,17.0,13.0
2015-04-27,14.65,17.0,11.0
2015-04-28,15.23,20.0,9.5
2015-04-29,15.86,20.0,10.0
2015-04-30,18.0,22.0,12.0
2015-05-01,19.21,23.5,13.5
2015-05-02,20.9,26.0,14.0
2015-05-03,20.14,25.0,15.0
2015-05-04,20.45,26.0,16.0
2015-05-05,17.25,21.5,14.0
2015-05-06,17.23,23.0,10.5
2015-05-07,19.46,25.0,10.0
2015-05-08,19.5,24.0,14.0
2015-05-09,20.14,26.5,13.0
2015-05-10,21.79,29.0,13.0
2015-05-11,21.25,27.0,13.0
2015-05-12,22.18,27.0,13.0
2015-05-13,22.83,30.0,15.0
2015-05-14,22.65,30.0,17.0
2015-05-15,17.53,23.0,12.5
2015-05-16,19.18,24.0,13.0
2015-05-17,20.27,25.0,13.0
2015-05-18,20.22,26.0,12.0
2015-05-19,16.86,21.0,12.0
2015-05-20,15.57,19.0,11.0
2015-05-21,16.55,21.0,10.0
2015-05-22,16.98,22.0,10.5
2015-05-23,17.86,23.0,11.0
2015-05-24,18.57,23.0,14.0
2015-05-25,18.98,24.5,14.0
2015-05-26,19.18,24.5,13.0
2015-05-27,20.3,24.5,13.0
2015-05-28,21.47,26.0,14.0
2015-05-29,20.22,25.0,15.0
2015-05-30,20.23,24.0,14.0
2015-05-31,21.31,25.0,14.0
2015-06-01,21.09,25.5,16.0
2015-06-02,22.31,28.0,16.0
2015-06-03,24.09,30.0,17.0
2015-06-04,24.87,31.5,17.0
2015-06-05,23.29,29.0,16.0
2015-06-06,23.12,29.0,16.0
2015-06-07,24.36,31.0,17.0
2015-06-08,24.23,30.0,17.0
2015-06-09,21.73,28.0,17.0
2015-06-10,19.7,25.5,17.0
2015-06-11,19.08,22.0,16.0
2015-06-12,19.52,23.5,16.0
2015-06-13,18.73,22.0,15.0
2015-06-14,18.66,22.0,14.0
2015-06-15,18.15,22.0,14.0
2015-06-16,19.5,25.0,14.0
2015-06-17,21.43,26.0,14.0
2015-06-18,22.84,28.5,15.0
2015-06-19,22.69,27.0,16.0
2015-06-20,24.16,28.0,15.5
2015-06-21,25.0,29.0,17.0
2015-06-22,24.03,29.0,19.0
2015-06-23,23.19,29.0,18.0
2015-06-24,22.64,27.0,16.0
2015-06-25,24.53,29.0,16.0
2015-06-26,25.67,31.0,18.0
2015-06-27,26.52,31.5,19.0
2015-06-28,26.81,31.0,19.0
2015-06-29,27.83,33.0,20.0
2015-06-30,27.12,32.0,20.0
2015-07-01,25.17,30.5,20.0
2015-07-02,25.07,30.0,21.0
2015-07-03,26.9,32.0,19.5
2015-07-04,26.98,32.0,20.0
2015-07-05,26.14,32.0,21.0
2015-07-06,28.5,35.0,20.0
2015-07-07,27.95,33.0,21.0
2015-07-08,25.43,31.0,20.0
2015-07-09,25.45,31.0,19.0
2015-07-10,25.62,32.0,19.0
2015-07-11,25.14,29.5,19.0
2015-07-12,25.79,29.5,20.0
2015-07-13,26.27,31.0,19.0
2015-07-14,26.84,32.0,20.0
2015-07-15,27.52,33.0,21.0
2015-07-16,27.55,33.0,21.0
2015-07-17,27.27,32.0,22.5
2015-07-18,26.19,31.5,22.0
2015-07-19,26.82,31.5,20.5
2015-07-20,28.29,32.0,21.0
2015-07-21,27.09,32.0,22.0
2015-07-22,26.73,32.0,22.0
2015-07-23,27.2,32.0,21.0
2015-07-24,25.9,32.0,20.0
2015-07-25,25.07,29.5,20.0
2015-07-26,26.78,32.0,18.5
2015-07-27,25.91,30.0,20.0
2015-07-28,26.64,30.0,19.0
2015-07-29,25.83,31.0,20.5
2015-07-30,24.02,27.5,20.5
2015-07-31,22.58,27.0,19.0
2015-08-01,23.98,27.0,18.0
2015-08-02,26.77,33.0,19.0
2015-08-03,26.29,32.0,22.0
2015-08-04,24.95,31.0,21.0
2015-08-05,26.26,31.0,20.0
2015-08-06,27.32,31.0,20.5
2015-08-07,26.43,33.0,22.0
2015-08-08,24.19,31.0,22.0
2015-08-09,25.35,30.0,19.0
2015-08-10,25.52,30.0,17.0
2015-08-11,25.75,31.5,20.5
2015-08-12,25.84,31.0,19.0
2015-08-13,24.38,29.0,21.0
2015-08-14,22.2,27.0,16.5
2015-08-15,21.76,26.0,17.0
2015-08-16,22.91,28.0,16.0
2015-08-17,23.42,26.5,20.0
2015-08-18,22.07,26.0,18.0
2015-08-19,23.64,28.0,17.0
2015-08-20,25.54,31.0,19.0
2015-08-21,25.61,31.0,21.5
2015-08-22,23.63,29.0,20.0
2015-08-23,23.12,27.0,18.0
2015-08-24,22.43,26.0,17.0
2015-08-25,23.43,28.5,14.0
2015-08-26,24.8,30.0,18.0
2015-08-27,25.59,31.0,19.0
2015-08-28,25.86,31.0,19.0
2015-08-29,26.69,32.0,21.0
2015-08-30,26.03,31.5,21.0
2015-08-31,23.43,29.0,20.5
2015-09-01,22.15,28.0,18.0
2015-09-02,21.25,25.0,16.5
2015-09-03,20.29,24.0,16.0
2015-09-04,19.17,22.5,16.0
2015-09-05,20.02,24.0,14.0
2015-09-06,20.72,25.0,15.0
2015-09-07,20.29,25.0,16.0
2015-09-08,20.47,25.0,14.5
2015-09-09,21.79,26.0,14.0
2015-09-10,20.8,23.5,16.5
2015-09-11,20.95,27.0,15.0
2015-09-12,21.22,27.0,18.0
2015-09-13,20.86,25.0,17.0
2015-09-14,19.97,24.0,15.0
2015-09-15,19.32,24.0,14.0
2015-09-16,20.36,24.0,18.0
2015-09-17,18.2,22.5,14.0
2015-09-18,18.21,24.0,11.0
2015-09-19,20.36,25.5,13.0
2015-09-20,19.85,26.5,13.0
2015-09-21,20.77,26.5,13.5
2015-09-22,19.79,25.0,14.0
2015-09-23,19.25,23.5,14.0
2015-09-24,19.48,25.0,13.0
2015-09-25,20.11,26.0,13.5
2015-09-26,20.82,25.0,15.0
2015-09-27,19.95,25.0,14.0
2015-09-28,19.5,25.0,13.0
2015-09-29,18.4,23.5,13.5
2015-09-30,18.08,23.5,14.0
2015-10-01,18.29,23.0,13.0
2015-10-02,18.34,23.0,13.0
2015-10-03,18.16,23.0,15.0
2015-10-04,19.76,23.0,15.0
2015-10-05,21.9,25.0,18.0
2015-10-06,19.2,24.0,15.0
2015-10-07,17.05,22.0,12.5
2015-10-08,16.67,21.0,11.5
2015-10-09,15.83,22.5,10.5
2015-10-10,17.47,23.0,11.5
2015-10-11,17.85,21.5,14.5
2015-10-12,17.53,22.0,15.0
2015-10-13,16.12,18.5,13.5
2015-10-14,14.9,20.0,11.0
2015-10-15,14.12,20.5,7.0
2015-10-16,15.33,21.0,8.0
2015-10-17,17.45,22.0,13.0
2015-10-18,17.77,21.0,15.0
2015-10-19,17.15,20.0,15.0
2015-10-20,16.44,19.0,14.0
2015-10-21,15.0,19.0,10.0
2015-10-22,14.73,21.0,9.5
2015-10-23,15.84,22.0,10.0
2015-10-24,16.4,21.0,13.0
2015-10-25,17.21,21.0,13.0
2015-10-26,16.55,20.0,13.0
2015-10-27,15.14,18.0,13.0
2015-10-28,15.14,20.0,11.0
2015-10-29,16.08,22.0,12.0
2015-10-30,17.03,22.0,12.0
2015-10-31,17.35,21.0,13.0
2015-11-01,17.09,20.0,13.0
2015-11-02,15.07,18.0,12.0
2015-11-03,15.24,18.0,12.0
2015-11-04,15.76,21.0,11.5
2015-11-05,15.94,21.0,13.0
2015-11-06,15.87,22.0,13.0
2015-11-07,16.53,23.0,13.0
2015-11-08,16.33,22.0,13.0
2015-11-09,14.77,21.0,12.0
2015-11-10,13.65,19.5,10.0
2015-11-11,13.33,20.0,9.0
2015-11-12,13.18,20.0,9.0
2015-11-13,12.91,18.0,10.0
2015-11-14,13.15,19.0,8.0
2015-11-15,12.07,19.0,8.0
2015-11-16,10.55,18.0,7.0
2015-11-17,11.74,19.0,8.0
2015-11-18,12.2,20.0,7.0
2015-11-19,12.64,20.0,8.0
2015-11-20,13.88,20.0,8.5
2015-11-21,13.22,16.0,9.0
2015-11-22,8.59,12.0,5.5
2015-11-23,7.55,13.0,2.5
2015-11-24,8.33,13.0,4.0
2015-11-25,12.03,16.0,7.0
2015-11-26,13.03,16.0,9.0
2015-11-27,11.83,16.0,9.0
2015-11-28,10.33,16.0,5.5
2015-11-29,9.19,16.0,4.0
2015-11-30,8.29,17.0,3.0
2015-12-01,8.05,17.0,3.0
2015-12-02,8.84,15.0,4.0
2015-12-03,10.97,17.0,5.0
2015-12-04,10.78,17.0,5.5
2015-12-05,10.88,17.0,6.0
2015-12-06,10.59,17.0,6.0
2015-12-07,11.33,16.0,8.0
2015-12-08,12.14,16.0,9.0
2015-12-09,11.55,16.0,7.0
2015-12-10,10.72,14.5,6.0
2015-12-11,9.43,15.0,6.5
2015-12-12,9.48,15.0,5.0
2015-12-13,10.5,15.0,7.0
2015-12-14,11.5,16.0,8.0
2015-12-15,12.38,18.0,7.0
2015-12-16,12.4,20.0,7.0
2015-12-17,12.07,18.0,7.0
2015-12-18,11.9,18.0,7.0
2015-12-19,11.73,18.0,6.0
2015-12-20,11.6,16.0,8.0
2015-12-21,10.09,17.0,7.0
2015-12-22,9.74,16.0,5.0
2015-12-23,9.64,16.0,6.0
2015-12-24,9.41,16.0,6.0
2015-12-25,8.9,16.0,5.0
2015-12-26,10.2,16.5,5.5
2015-12-27,11.41,17.0,8.0
2015-12-28,13.23,16.5,9.0
2015-12-29,11.27,15.0,8.0
2015-12-30,10.65,16.0,7.0
2015-12-31,11.44,14.0,7.0
2016-01-01,12.26,15.5,8.5
2016-01-02,11.29,14.0,8.0
2016-01-03,11.9,15.0,8.0
2016-01-04,13.15,14.0,10.0
2016-01-05,9.64,12.0,7.0
2016-01-06,8.94,13.0,5.0
2016-01-07,14.13,17.0,11.0
2016-01-08,13.55,17.0,10.0
2016-01-09,12.56,16.0,9.0
2016-01-10,12.69,16.0,9.0
2016-01-11,12.06,14.5,9.0
2016-01-12,9.29,14.0,6.0
2016-01-13,8.37,14.0,3.5
2016-01-14,10.09,14.0,5.0
2016-01-15,8.76,11.0,6.0
2016-01-16,7.18,12.0,4.0
2016-01-17,6.75,11.0,2.0
2016-01-18,8.85,12.0,5.0
2016-01-19,7.26,12.0,4.0
2016-01-20,8.5,14.5,5.0
2016-01-21,9.72,14.5,4.0
2016-01-22,11.15,15.0,8.0
2016-01-23,11.62,18.0,8.0
2016-01-24,12.34,18.5,7.0
2016-01-25,11.91,17.0,8.0
2016-01-26,10.25,15.5,8.0
2016-01-27,10.03,15.0,7.0
2016-01-28,9.29,11.0,6.0
2016-01-29,9.19,13.0,6.0
2016-01-30,9.26,14.0,5.0
2016-01-31,12.13,17.0,7.5
2016-02-01,11.23,17.5,8.0
2016-02-02,9.75,14.0,5.5
2016-02-03,10.25,14.5,6.0
2016-02-04,9.26,14.0,4.0
2016-02-05,9.55,16.0,4.0
2016-02-06,11.29,16.0,6.0
2016-02-07,10.68,13.0,7.5
2016-02-08,12.35,17.0,8.0
2016-02-09,13.04,16.0,9.0
2016-02-10,12.31,14.0,9.0
2016-02-11,12.38,14.5,11.0
2016-02-12,14.0,15.0,11.0
2016-02-13,14.88,17.0,13.0
2016-02-14,9.93,12.0,6.0
2016-02-15,7.79,10.0,5.0
2016-02-16,6.22,11.0,2.0
2016-02-17,6.7,10.0,0.0
2016-02-18,7.33,10.0,4.0
2016-02-19,8.05,13.0,3.0
2016-02-20,9.78,16.0,4.0
2016-02-21,11.3,17.0,5.5
2016-02-22,11.84,16.0,7.0
2016-02-23,11.05,16.0,8.5
2016-02-24,10.63,16.0,6.0
2016-02-25,11.31,13.0,7.0
2016-02-26,9.33,13.0,6.0
2016-02-27,6.86,9.5,5.0
2016-02-28,9.24,11.0,6.0
2016-02-29,10.02,14.0,5.0
2016-03-01,10.61,17.0,3.0
2016-03-02,12.03,17.0,7.0
2016-03-03,11.11,15.0,7.5
2016-03-04,11.1,15.5,5.5
2016-03-05,9.06,11.5,6.0
2016-03-06,8.88,11.5,5.0
2016-03-07,7.9,11.0,4.5
2016-03-08,9.28,12.0,4.0
2016-03-09,9.5,13.0,4.0
2016-03-10,8.94,12.5,5.0
2016-03-11,9.77,15.0,5.0
2016-03-12,9.61,15.5,4.0
2016-03-13,10.45,16.0,4.0
2016-03-14,8.77,14.0,4.0
2016-03-15,10.0,15.0,5.5
2016-03-16,10.26,15.0,5.0
2016-03-17,10.16,14.0,5.0
2016-03-18,11.53,14.0,5.0
2016-03-19,11.38,14.0,9.5
2016-03-20,11.62,15.0,8.0
2016-03-21,10.53,15.0,7.5
2016-03-22,10.89,15.0,7.0
2016-03-23,11.75,15.0,7.5
2016-03-24,11.89,18.5,5.0
2016-03-25,13.29,17.0,7.0
2016-03-26,14.75,19.0,9.0
2016-03-27,14.11,18.0,9.0
2016-03-28,14.17,18.5,10.0
2016-03-29,13.9,20.0,9.0
2016-03-30,13.93,21.0,7.0
2016-03-31,11.64,14.0,7.0
2016-04-01,10.88,14.0,6.0
2016-04-02,12.95,18.0,6.0
2016-04-03,12.68,17.0,9.0
2016-04-04,11.32,14.5,8.5
2016-04-05,12.15,15.0,9.0
2016-04-06,13.86,19.0,8.0
2016-04-07,13.48,19.0,8.0
2016-04-08,11.64,14.0,6.0
2016-04-09,12.75,18.0,7.0
2016-04-10,12.19,17.0,7.0
2016-04-11,12.37,17.0,9.5
2016-04-12,12.54,17.0,9.0
2016-04-13,13.97,20.0,9.0
2016-04-14,15.41,20.0,10.0
2016-04-15,15.19,20.0,10.0
2016-04-16,15.01,18.5,11.0
2016-04-17,15.36,20.0,12.0
2016-04-18,15.57,19.5,9.0
2016-04-19,15.06,19.0,11.0
2016-04-20,13.69,17.0,11.5
2016-04-21,14.44,19.0,10.0
2016-04-22,14.57,19.0,10.0
2016-04-23,14.37,19.0,10.0
2016-04-24,14.96,19.0,9.5
2016-04-25,14.5,18.0,8.0
2016-04-26,14.53,20.0,8.0
2016-04-27,14.16,17.0,10.5
2016-04-28,13.58,15.5,10.0
2016-04-29,14.3,18.5,9.5
2016-04-30,13.93,18.0,9.5
2016-05-01,14.83,19.0,7.0
2016-05-02,15.8,21.5,7.0
2016-05-03,17.5,23.0,9.0
2016-05-04,19.26,26.0,11.0
2016-05-05,17.03,21.0,13.0
2016-05-06,15.29,19.0,13.0
2016-05-07,15.26,20.0,13.0
2016-05-08,14.44,18.0,12.5
2016-05-09,14.59,18.0,12.0
2016-05-10,14.24,18.0,10.0
2016-05-11,14.41,18.0,11.0
2016-05-12,13.64,16.5,10.0
2016-05-13,14.59,18.0,11.0
2016-05-14,16.56,20.0,12.0
2016-05-15,16.92,21.5,12.0
2016-05-16,17.3,21.5,12.5
2016-05-17,17.22,21.0,11.0
2016-05-18,17.9,22.0,12.0
2016-05-19,18.4,22.5,13.5
2016-05-20,19.66,25.0,14.0
2016-05-21,19.71,25.5,14.0
2016-05-22,17.65,21.0,13.0
2016-05-23,17.38,22.0,11.0
2016-05-24,18.45,23.0,13.0
2016-05-25,18.28,23.0,14.0
2016-05-26,18.54,23.5,14.0
2016-05-27,19.38,24.5,14.0
2016-05-28,17.69,22.0,14.0
2016-05-29,17.23,20.5,13.0
2016-05-30,17.85,21.0,13.0
2016-05-31,18.77,23.0,14.0
2016-06-01,19.64,24.5,13.0
2016-06-02,20.52,25.0,13.5
2016-06-03,20.57,25.0,15.0
2016-06-04,19.6,24.5,15.0
2016-06-05,21.14,27.0,15.0
2016-06-06,21.77,25.0,15.0
2016-06-07,23.77,28.0,15.5
2016-06-08,24.43,29.0,16.0
2016-06-09,24.07,28.5,17.0
2016-06-10,21.97,27.0,18.0
2016-06-11,21.95,26.5,16.5
2016-06-12,22.73,27.0,15.0
2016-06-13,23.32,26.5,18.0
2016-06-14,22.09,28.0,16.5
2016-06-15,18.79,22.0,15.0
2016-06-16,17.52,21.0,13.0
2016-06-17,18.5,23.0,13.0
2016-06-18,19.14,22.5,13.0
2016-06-19,20.43,24.5,13.5
2016-06-20,22.72,26.0,14.0
2016-06-21,24.89,30.0,16.0
2016-06-22,25.34,32.0,17.5
2016-06-23,24.26,29.0,18.0
2016-06-24,23.02,27.0,17.0
2016-06-25,22.12,26.0,18.0
2016-06-26,21.57,26.0,16.0
2016-06-27,23.45,28.0,17.0
2016-06-28,24.5,29.0,19.0
2016-06-29,24.12,29.5,19.0
2016-06-30,23.69,28.0,19.0
2016-07-01,24.03,28.0,18.0
2016-07-02,23.68,29.0,18.5
2016-07-03,24.77,28.5,20.5
2016-07-04,24.47,30.0,21.0
2016-07-05,24.33,30.0,19.5
2016-07-06,25.42,31.0,20.0
2016-07-07,24.35,30.0,21.0
2016-07-08,25.31,32.0,20.0
2016-07-09,26.59,34.0,20.0
2016-07-10,26.54,32.0,21.0
2016-07-11,25.12,30.5,20.5
2016-07-12,23.38,29.0,19.0
2016-07-13,22.54,27.5,17.5
2016-07-14,22.62,27.0,16.0
2016-07-15,23.16,29.0,14.0
2016-07-16,25.29,30.0,17.0
2016-07-17,26.39,33.5,18.0
2016-07-18,27.38,34.0,19.0
2016-07-19,26.96,34.5,20.0
2016-07-20,25.02,31.0,21.0
2016-07-21,24.82,30.0,19.0
2016-07-22,23.64,28.0,19.0
2016-07-23,23.52,29.5,18.0
2016-07-24,24.62,31.0,18.0
2016-07-25,25.62,32.0,19.0
2016-07-26,26.0,32.5,20.0
2016-07-27,24.91,31.0,20.0
2016-07-28,24.79,30.5,20.0
2016-07-29,26.08,31.5,20.5
2016-07-30,25.47,32.0,21.0
2016-07-31,24.16,30.5,20.0
2016-08-01,24.09,29.0,19.0
2016-08-02,24.8,30.0,19.0
2016-08-03,25.23,29.5,20.0
2016-08-04,25.92,31.5,20.0
2016-08-05,24.9,30.0,20.5
2016-08-06,24.66,31.0,18.0
2016-08-07,25.62,31.0,19.5
2016-08-08,25.48,33.0,19.0
2016-08-09,23.83,29.0,19.0
2016-08-10,22.27,27.0,18.0
2016-08-11,22.32,28.0,16.5
2016-08-12,23.89,31.0,17.0
2016-08-13,24.43,31.0,17.5
2016-08-14,24.7,32.0,18.0
2016-08-15,25.09,31.0,19.5
2016-08-16,24.35,30.0,20.0
2016-08-17,24.74,32.0,18.0
2016-08-18,23.88,29.0,18.0
2016-08-19,24.52,30.0,18.0
2016-08-20,23.33,29.0,20.0
2016-08-21,23.5,29.0,17.0
2016-08-22,25.23,33.5,18.0
2016-08-23,25.3,32.5,19.0
2016-08-24,24.88,33.0,20.0
2016-08-25,25.29,32.5,18.5
2016-08-26,24.4,30.0,19.5
2016-08-27,25.11,32.0,20.0
2016-08-28,24.69,30.0,21.0
2016-08-29,23.47,29.0,19.0
2016-08-30,22.98,27.0,18.0
2016-08-31,22.69,28.0,19.0
2016-09-01,24.81,32.0,19.0
2016-09-02,25.0,32.0,19.0
2016-09-03,25.71,33.0,19.0
2016-09-04,26.05,35.0,19.0
2016-09-05,26.04,33.5,20.0
2016-09-06,26.25,34.0,20.0
2016-09-07,25.03,31.0,20.0
2016-09-08,23.12,28.5,19.0
2016-09-09,22.0,29.0,17.0
2016-09-10,22.91,29.0,17.0
2016-09-11,23.48,31.0,17.0
2016-09-12,24.3,31.5,18.0
2016-09-13,20.55,26.0,17.0
2016-09-14,17.53,22.0,13.0
2016-09-15,17.98,23.5,13.0
2016-09-16,19.39,25.5,14.0
2016-09-17,18.79,24.0,14.0
2016-09-18,18.82,25.0,14.0
2016-09-19,19.43,26.0,13.0
2016-09-20,19.35,25.0,15.0
2016-09-21,18.52,25.0,13.0
2016-09-22,19.69,25.0,15.0
2016-09-23,19.89,26.0,15.0
2016-09-24,20.4,26.0,14.0
2016-09-25,19.7,26.0,15.5
2016-09-26,20.52,26.0,15.5
2016-09-27,20.91,26.0,17.0
2016-09-28,20.8,26.0,16.5
2016-09-29,20.19,26.0,15.0
2016-09-30,20.0,26.0,15.0
2016-10-01,19.38,25.0,15.0
2016-10-02,18.8,25.0,14.0
2016-10-03,19.62,26.0,14.0
2016-10-04,19.74,26.0,15.0
2016-10-05,19.4,25.0,15.0
2016-10-06,18.52,24.0,14.0
2016-10-07,17.82,24.0,12.0
2016-10-08,17.82,24.5,13.0
2016-10-09,17.38,22.0,13.0
2016-10-10,15.93,21.5,12.0
2016-10-11,16.59,21.0,10.0
2016-10-12,15.72,18.5,13.0
2016-10-13,14.86,18.0,13.0
2016-10-14,15.14,19.0,11.0
2016-10-15,15.16,22.0,10.0
2016-10-16,17.29,22.5,12.5
2016-10-17,17.0,21.0,14.0
2016-10-18,17.69,21.5,14.0
2016-10-19,16.35,20.0,14.0
2016-10-20,15.4,19.0,14.0
2016-10-21,14.77,19.0,11.0
2016-10-22,16.48,19.0,13.0
2016-10-23,16.95,20.0,15.0
2016-10-24,15.81,20.0,13.0
2016-10-25,17.33,22.0,14.0
2016-10-26,18.18,24.0,15.0
2016-10-27,17.58,24.0,14.0
2016-10-28,16.8,23.5,13.0
2016-10-29,15.24,24.0,11.0
2016-10-30,15.0,22.5,10.0
2016-10-31,14.17,22.5,9.0
2016-11-01,14.95,22.0,11.0
2016-11-02,14.43,22.0,10.0
2016-11-03,14.63,21.0,10.0
2016-11-04,15.31,19.0,12.0
2016-11-05,14.41,16.0,11.0
2016-11-06,10.95,14.0,7.0
2016-11-07,8.39,12.0,5.0
2016-11-08,9.9,14.0,5.0
2016-11-09,12.41,15.0,9.0
2016-11-10,11.79,16.0,8.0
2016-11-11,10.97,17.0,8.0
2016-11-12,11.52,17.0,8.0
2016-11-13,12.25,18.0,10.0
2016-11-14,11.88,17.0,8.0
2016-11-15,10.24,17.0,6.0
2016-11-16,9.96,17.0,5.5
2016-11-17,10.43,18.0,5.0
2016-11-18,11.6,16.0,6.0
2016-11-19,10.95,16.0,8.0
2016-11-20,13.53,18.0,10.0
2016-11-21,13.54,16.0,11.0
2016-11-22,10.38,12.0,8.0
2016-11-23,9.05,12.0,7.0
2016-11-24,7.79,12.0,5.0
2016-11-25,8.02,14.0,4.0
2016-11-26,10.15,14.0,6.0
2016-11-27,10.67,14.0,9.0
2016-11-28,9.88,14.5,7.0
2016-11-29,10.26,14.0,7.0
2016-11-30,12.21,16.0,8.0
2016-12-01,10.83,15.0,9.0
2016-12-02,9.47,16.0,7.0
2016-12-03,9.63,14.5,5.5
2016-12-04,12.89,17.0,10.0
2016-12-05,13.21,18.0,10.0
2016-12-06,11.0,18.0,8.0
2016-12-07,9.79,17.0,5.0
2016-12-08,10.47,17.0,7.0
2016-12-09,10.25,17.0,7.0
2016-12-10,9.8,17.0,6.0
2016-12-11,8.64,16.0,7.0
2016-12-12,8.59,17.0,6.0
2016-12-13,8.29,15.0,4.5
2016-12-14,8.96,14.0,7.0
2016-12-15,8.97,13.0,7.0
2016-12-16,9.37,12.0,7.0
2016-12-17,9.85,14.0,7.0
2016-12-18,8.93,13.5,6.0
2016-12-19,7.24,12.0,3.0
2016-12-20,7.89,12.0,6.0
2016-12-21,8.61,13.0,6.0
2016-12-22,8.82,15.5,6.0
2016-12-23,8.49,15.5,6.0
2016-12-24,8.73,16.0,6.0
2016-12-25,7.56,15.0,4.0
2016-12-26,7.12,15.5,3.5
2016-12-27,7.17,15.5,3.0
2016-12-28,7.25,16.0,3.5
2016-12-29,6.05,14.0,1.0
2016-12-30,5.39,14.0,1.5
2016-12-31,4.66,13.0,1.0
2017-01-01,4.53,11.5,1.0
2017-01-02,6.16,13.0,2.0
2017-01-03,6.75,12.5,2.0
2017-01-04,7.69,13.0,4.0
2017-01-05,7.17,12.0,4.0
2017-01-06,5.31,12.0,1.0
2017-01-07,4.69,12.0,0.0
2017-01-08,4.87,15.0,-1.0
2017-01-09,5.66,14.0,2.0
2017-01-10,8.81,12.0,4.0
2017-01-11,10.71,15.0,7.0
2017-01-12,9.68,15.0,5.5
2017-01-13,8.52,11.0,5.0
2017-01-14,5.84,11.0,3.0
2017-01-15,7.25,11.5,3.0
2017-01-16,8.79,13.0,5.0
2017-01-17,7.2,11.5,3.0
2017-01-18,2.97,7.0,-1.0
2017-01-19,4.05,7.5,-0.5
2017-01-20,4.81,10.0,2.0
2017-01-21,5.84,12.0,1.0
2017-01-22,6.17,12.0,1.5
2017-01-23,6.5,12.0,2.0
2017-01-24,5.36,13.0,1.0
2017-01-25,5.34,12.0,-0.5
2017-01-26,7.75,11.5,2.5
2017-01-27,8.21,13.0,6.0
2017-01-28,8.71,13.0,5.0
2017-01-29,9.41,16.0,5.0
2017-01-30,10.72,15.5,7.5
2017-01-31,9.74,15.0,6.0
2017-02-01,10.32,15.5,6.5
2017-02-02,10.93,14.0,8.0
2017-02-03,11.03,15.0,8.0
2017-02-04,12.66,15.0,9.5
2017-02-05,9.94,13.0,7.0
2017-02-06,11.77,16.0,8.0
2017-02-07,11.31,14.0,7.5
2017-02-08,8.37,12.0,4.0
2017-02-09,7.6,13.0,3.0
2017-02-10,7.82,12.0,4.0
2017-02-11,8.93,12.5,5.0
2017-02-12,11.24,14.0,8.0
2017-02-13,11.88,14.0,9.0
2017-02-14,10.23,17.0,6.0
2017-02-15,11.5,17.0,7.0
2017-02-16,10.24,16.0,7.0
2017-02-17,8.76,16.0,5.0
2017-02-18,9.83,15.0,5.0
2017-02-19,10.23,15.0,7.0
2017-02-20,9.85,15.0,6.0
2017-02-21,10.66,17.0,6.0
2017-02-22,11.67,19.0,5.0
2017-02-23,12.06,16.0,9.0
2017-02-24,10.91,14.0,8.0
2017-02-25,10.52,17.0,5.0
2017-02-26,10.03,16.0,6.5
2017-02-27,11.44,16.0,8.0
2017-02-28,11.78,15.0,8.0
2017-03-01,11.08,17.0,7.0
2017-03-02,10.6,17.0,6.0
2017-03-03,9.93,14.5,7.5
2017-03-04,8.71,13.0,6.0
2017-03-05,11.97,16.0,7.0
2017-03-06,14.34,18.0,10.0
2017-03-07,14.07,19.0,10.0
2017-03-08,12.98,20.0,8.0
2017-03-09,14.41,24.0,8.0
2017-03-10,15.16,26.0,8.0
2017-03-11,14.7,22.0,8.0
2017-03-12,12.09,17.0,8.0
2017-03-13,10.47,14.0,8.0
2017-03-14,12.03,16.0,9.0
2017-03-15,13.27,20.0,7.5
2017-03-16,12.55,20.0,7.0
2017-03-17,12.73,19.5,8.5
2017-03-18,11.87,20.5,7.0
2017-03-19,13.0,21.0,7.0
2017-03-20,13.07,20.0,8.0
2017-03-21,12.12,17.0,8.0
2017-03-22,9.0,13.0,5.0
2017-03-23,7.06,12.5,3.0
2017-03-24,7.33,12.5,3.0
2017-03-25,8.52,13.0,5.0
2017-03-26,11.58,17.0,6.0
2017-03-27,12.1,17.0,9.0
2017-03-28,12.41,18.0,8.0
2017-03-29,14.69,21.0,7.0
2017-03-30,15.62,22.0,8.0
2017-03-31,14.13,19.0,10.0
2017-04-01,12.96,16.5,9.0
2017-04-02,12.7,18.5,8.0
2017-04-03,13.07,20.0,6.0
2017-04-04,13.96,21.0,7.5
2017-04-05,13.45,19.0,8.5
2017-04-06,14.14,21.5,8.5
2017-04-07,14.55,21.5,7.0
2017-04-08,15.45,23.0,7.5
2017-04-09,15.41,24.0,8.0
2017-04-10,15.95,24.0,8.5
2017-04-11,15.93,23.0,8.0
2017-04-12,16.0,23.0,9.0
2017-04-13,16.05,23.0,9.5
2017-04-14,16.72,22.5,12.0
2017-04-15,15.79,21.0,11.0
2017-04-16,16.04,22.0,9.0
2017-04-17,16.71,22.0,11.0
2017-04-18,17.67,21.5,11.0
2017-04-19,15.29,19.0,12.0
2017-04-20,14.31,19.0,10.0
2017-04-21,14.8,20.5,7.0
2017-04-22,15.3,22.0,8.0
2017-04-23,16.25,23.0,8.0
2017-04-24,16.69,22.0,9.5
2017-04-25,15.16,21.0,11.0
2017-04-26,13.23,16.0,9.5
2017-04-27,10.6,14.0,6.0
2017-04-28,11.45,16.0,6.0
2017-04-29,13.21,17.0,8.0
2017-04-30,12.71,16.5,9.5
2017-05-01,13.68,18.0,8.0
2017-05-02,15.62,22.0,9.0
2017-05-03,16.67,22.0,11.0
2017-05-04,17.62,23.5,11.0
2017-05-05,16.18,22.0,13.0
2017-05-06,15.89,21.0,11.0
2017-05-07,18.0,24.0,10.5
2017-05-08,18.68,25.0,11.0
2017-05-09,17.95,22.5,11.5
2017-05-10,17.04,21.0,14.0
2017-05-11,15.83,20.0,14.0
2017-05-12,16.45,21.0,13.0
2017-05-13,17.36,22.5,12.5
2017-05-14,19.07,24.0,13.0
2017-05-15,20.77,27.0,13.5
2017-05-16,21.55,28.0,15.0
2017-05-17,19.47,26.0,14.0
2017-05-18,16.18,20.5,12.0
2017-05-19,16.6,22.0,10.0
2017-05-20,18.5,23.0,10.0
2017-05-21,21.02,27.0,13.0
2017-05-22,20.09,25.0,15.0
2017-05-23,21.5,29.0,15.0
2017-05-24,23.07,30.5,15.5
2017-05-25,23.64,29.0,16.0
2017-05-26,21.47,26.0,16.0
2017-05-27,21.7,27.0,16.5
2017-05-28,20.79,26.0,16.0
2017-05-29,19.66,24.0,16.0
2017-05-30,19.99,24.0,16.0
2017-05-31,21.43,26.0,15.0
2017-06-01,22.11,27.5,16.0
2017-06-02,21.35,27.0,17.5
2017-06-03,19.7,25.0,17.0
2017-06-04,17.97,23.0,15.0
2017-06-05,19.57,25.0,13.0
2017-06-06,20.72,26.0,15.0
2017-06-07,21.66,26.0,13.5
2017-06-08,22.21,30.0,17.0
2017-06-09,21.67,26.0,17.0
2017-06-10,23.19,29.0,16.0
2017-06-11,24.21,31.5,17.5
2017-06-12,24.91,31.0,18.0
2017-06-13,24.88,31.5,19.0
2017-06-14,24.82,31.5,18.5
2017-06-15,25.1,31.0,19.0
2017-06-16,25.76,33.0,20.0
2017-06-17,27.48,33.0,21.0
2017-06-18,27.93,35.0,20.0
2017-06-19,26.71,32.0,21.0
2017-06-20,27.06,33.0,21.0
2017-06-21,26.23,32.0,20.0
2017-06-22,25.38,32.0,19.0
2017-06-23,24.57,31.0,19.0
2017-06-24,25.11,30.5,20.0
2017-06-25,24.29,29.0,20.0
2017-06-26,23.07,30.0,18.5
2017-06-27,22.89,28.5,18.0
2017-06-28,20.88,25.5,17.0
2017-06-29,19.09,25.0,16.0
2017-06-30,19.08,23.5,13.0
2017-07-01,19.6,24.0,13.0
2017-07-02,21.91,27.0,14.0
2017-07-03,24.18,30.0,16.0
2017-07-04,25.34,33.5,17.0
2017-07-05,23.9,29.0,19.0
2017-07-06,22.06,27.0,18.0
2017-07-07,21.4,26.0,17.0
2017-07-08,22.09,25.5,18.5
2017-07-09,23.37,29.0,18.0
2017-07-10,22.74,29.0,18.0
2017-07-11,24.14,29.0,18.0
2017-07-12,26.05,31.0,19.0
2017-07-13,25.43,31.0,20.0
2017-07-14,24.33,29.0,21.0
2017-07-15,24.95,31.0,19.5
2017-07-16,25.76,31.0,19.0
2017-07-17,26.19,34.0,21.0
2017-07-18,26.0,32.0,21.0
2017-07-19,24.17,30.0,22.0
2017-07-20,23.12,29.0,19.0
2017-07-21,22.24,27.0,18.0
2017-07-22,23.02,29.0,17.0
2017-07-23,23.33,28.0,18.0
2017-07-24,23.63,28.5,18.0
2017-07-25,23.25,28.5,18.0
2017-07-26,23.65,28.5,17.0
2017-07-27,25.31,31.0,18.0
2017-07-28,25.41,30.0,19.0
2017-07-29,25.71,31.0,19.0
2017-07-30,24.93,31.0,19.0
2017-07-31,24.02,30.0,20.0
2017-08-01,23.52,30.0,20.0
2017-08-02,25.61,33.0,18.0
2017-08-03,26.76,34.0,19.0
2017-08-04,27.66,33.0,20.0
2017-08-05,25.9,32.0,21.5
2017-08-06,25.02,31.0,21.0
2017-08-07,25.04,31.0,20.5
2017-08-08,23.64,29.0,18.0
2017-08-09,20.97,26.5,15.5
2017-08-10,20.5,27.0,14.0
2017-08-11,21.71,26.5,15.5
2017-08-12,23.09,28.0,15.5
2017-08-13,24.3,30.0,17.0
2017-08-14,25.07,32.5,19.5
2017-08-15,24.45,29.5,20.5
2017-08-16,24.28,30.0,19.0
2017-08-17,25.33,31.0,19.0
2017-08-18,25.25,30.0,20.0
2017-08-19,24.61,29.5,20.5
2017-08-20,25.07,30.0,21.0
2017-08-21,25.98,34.5,20.0
2017-08-22,25.2,31.5,20.0
2017-08-23,24.66,30.0,19.0
2017-08-24,23.97,30.0,19.0
2017-08-25,24.76,31.0,19.0
2017-08-26,25.12,31.0,21.0
2017-08-27,23.29,28.0,20.0
2017-08-28,21.51,27.0,18.0
2017-08-29,20.94,26.0,18.0
2017-08-30,21.18,26.5,17.0
2017-08-31,21.07,26.5,18.0
2017-09-01,21.16,27.0,17.0
2017-09-02,21.36,27.0,15.0
2017-09-03,22.34,28.0,16.0
2017-09-04,22.71,28.0,18.0
2017-09-05,23.41,30.0,18.0
2017-09-06,22.86,28.0,19.0
2017-09-07,21.7,27.0,18.0
2017-09-08,21.02,27.0,16.0
2017-09-09,19.36,23.0,15.0
2017-09-10,19.36,25.0,14.0
2017-09-11,21.52,27.0,15.0
2017-09-12,21.12,26.0,17.0
2017-09-13,21.97,28.0,15.0
2017-09-14,21.33,26.0,16.0
2017-09-15,17.42,20.0,14.0
2017-09-16,15.64,21.0,10.0
2017-09-17,17.75,23.5,11.0
2017-09-18,18.27,23.0,13.5
2017-09-19,17.82,23.0,12.5
2017-09-20,18.54,25.0,11.0
2017-09-21,19.8,26.0,13.0
2017-09-22,19.62,24.0,15.0
2017-09-23,20.07,26.0,14.0
2017-09-24,20.61,27.5,14.5
2017-09-25,19.82,25.5,15.5
2017-09-26,19.33,25.0,14.0
2017-09-27,19.95,25.0,14.0
2017-09-28,20.55,26.0,16.0
2017-09-29,20.41,26.5,15.0
2017-09-30,19.63,24.0,15.0
2017-10-01,19.96,23.5,16.0
2017-10-02,21.14,26.0,17.0
2017-10-03,21.28,26.0,18.0
2017-10-04,20.84,27.0,17.0
2017-10-05,20.66,28.0,16.0
2017-10-06,19.3,26.0,15.0
2017-10-07,17.6,25.0,13.0
2017-10-08,18.04,25.5,12.5
2017-10-09,18.04,25.0,12.5
2017-10-10,18.03,25.0,13.0
2017-10-11,18.64,26.0,11.0
2017-10-12,18.81,27.0,14.0
2017-10-13,19.48,26.0,14.5
2017-10-14,20.14,26.0,16.0
2017-10-15,22.57,29.0,16.5
2017-10-16,19.66,27.0,16.0
2017-10-17,18.21,24.0,15.0
2017-10-18,16.04,19.0,13.0
2017-10-19,14.29,19.0,12.0
2017-10-20,17.33,23.0,14.5
2017-10-21,17.26,23.0,14.0
2017-10-22,15.47,20.0,12.0
2017-10-23,14.91,23.0,9.0
2017-10-24,16.25,25.5,10.0
2017-10-25,16.68,26.0,11.0
2017-10-26,17.17,26.0,11.0
2017-10-27,18.09,26.0,11.0
2017-10-28,16.96,24.0,11.5
2017-10-29,15.22,23.0,10.0
2017-10-30,14.85,20.0,11.0
2017-10-31,13.35,19.0,10.0
2017-11-01,15.92,21.0,11.0
2017-11-02,16.5,21.0,14.0
2017-11-03,15.31,20.0,13.0
2017-11-04,14.65,18.0,12.0
2017-11-05,13.67,18.0,11.0
2017-11-06,12.12,17.0,8.0
2017-11-07,10.41,16.0,6.0
2017-11-08,10.83,14.0,6.0
2017-11-09,10.3,14.5,6.0
2017-11-10,11.52,16.5,7.5
2017-11-11,12.48,18.5,8.5
2017-11-12,13.02,19.0,9.0
2017-11-13,11.78,15.5,7.0
2017-11-14,8.86,16.0,4.0
2017-11-15,8.46,17.0,3.5
2017-11-16,9.12,18.0,3.5
2017-11-17,10.09,19.0,4.0
2017-11-18,9.93,19.0,5.5
2017-11-19,9.54,19.0,4.0
2017-11-20,9.48,19.0,3.0
2017-11-21,9.43,19.0,4.0
2017-11-22,11.84,19.0,5.0
2017-11-23,13.78,19.0,8.0
2017-11-24,13.05,20.0,9.0
2017-11-25,12.17,17.0,8.0
2017-11-26,9.8,14.0,5.0
2017-11-27,7.25,13.5,2.5
2017-11-28,9.47,14.0,5.0
2017-11-29,9.29,12.0,5.0
2017-11-30,6.77,10.5,3.5
2017-12-01,6.35,11.0,2.0
2017-12-02,5.53,10.0,2.0
2017-12-03,5.79,11.5,1.0
2017-12-04,5.48,13.0,1.0
2017-12-05,4.45,13.0,1.0
2017-12-06,4.42,13.0,0.0
2017-12-07,6.6,15.0,1.5
2017-12-08,9.27,13.5,4.0
2017-12-09,10.43,14.0,6.5
2017-12-10,12.76,17.0,9.0
2017-12-11,10.06,15.0,6.0
2017-12-12,6.79,11.0,3.0
2017-12-13,7.34,13.5,2.0
2017-12-14,10.69,14.0,7.0
2017-12-15,11.2,14.0,8.0
2017-12-16,7.76,13.0,5.0
2017-12-17,6.14,12.0,2.0
2017-12-18,7.07,13.0,2.0
2017-12-19,8.48,13.0,4.0
2017-12-20,6.57,13.0,2.0
2017-12-21,7.15,14.5,3.0
2017-12-22,7.25,15.0,3.0
2017-12-23,7.94,14.0,4.0
2017-12-24,6.64,14.0,4.0
2017-12-25,6.93,12.5,2.5
2017-12-26,8.7,13.5,5.5
2017-12-27,10.67,12.5,7.0
2017-12-28,10.91,13.5,8.0
2017-12-29,12.29,16.0,9.0
2017-12-30,13.25,20.0,9.0
2017-12-31,11.09,17.0,7.0
2018-01-01,10.55,15.0,7.5
2018-01-02,11.74,16.0,8.0
2018-01-03,13.16,17.5,10.0
2018-01-04,13.29,16.0,11.0
2018-01-05,11.25,16.5,9.0
2018-01-06,7.19,9.0,4.0
2018-01-07,5.96,9.0,2.0
2018-01-08,5.85,11.0,3.0
2018-01-09,5.81,11.0,2.0
2018-01-10,8.7,13.0,6.0
2018-01-11,8.36,11.0,5.0
2018-01-12,6.26,12.0,3.0
2018-01-13,6.97,11.0,4.0
2018-01-14,6.08,10.0,4.0
2018-01-15,6.68,12.0,2.5
2018-01-16,9.77,15.0,5.0
2018-01-17,10.09,14.5,6.0
2018-01-18,8.6,15.0,4.0
2018-01-19,9.07,15.0,6.0
2018-01-20,10.48,15.5,5.0
2018-01-21,12.11,17.0,10.0
2018-01-22,10.77,16.5,8.0
2018-01-23,9.94,17.0,7.0
2018-01-24,9.07,16.0,5.0
2018-01-25,8.69,13.5,7.0
2018-01-26,7.84,12.0,6.0
2018-01-27,8.11,12.0,4.0
2018-01-28,8.55,14.0,4.0
2018-01-29,9.26,16.0,4.0
2018-01-30,8.12,14.5,3.5
2018-01-31,8.47,15.0,4.0
2018-02-01,7.59,11.0,4.0
2018-02-02,5.3,8.5,3.0
2018-02-03,6.62,11.0,3.0
2018-02-04,5.48,9.0,4.0
2018-02-05,4.94,8.0,2.0
2018-02-06,5.26,9.0,2.0
2018-02-07,4.73,9.0,1.0
2018-02-08,4.27,9.0,0.0
2018-02-09,5.68,10.0,-1.0
2018-02-10,7.19,12.0,4.0
2018-02-11,9.78,14.0,3.0
2018-02-12,8.15,10.0,3.0
2018-02-13,6.71,10.0,0.0
2018-02-14,9.45,14.0,6.0
2018-02-15,11.03,18.0,6.0
2018-02-16,10.77,16.0,8.0
2018-02-17,10.02,14.0,7.0
2018-02-18,10.11,14.0,5.0
2018-02-19,10.33,14.5,7.0
2018-02-20,11.04,15.0,7.0
2018-02-21,9.08,12.0,5.0
2018-02-22,6.52,11.5,2.0
2018-02-23,5.62,11.5,0.0
2018-02-24,6.68,12.5,-0.5
2018-02-25,8.02,15.0,1.5
2018-02-26,8.86,16.0,2.0
2018-02-27,5.69,6.0,2.0
2018-02-28,6.8,10.0,3.0
2018-03-01,11.34,14.0,8.0
2018-03-02,9.93,14.0,6.5
2018-03-03,11.82,16.5,8.0
2018-03-04,10.84,16.0,8.0
2018-03-05,9.42,13.0,6.0
2018-03-06,8.99,13.0,6.0
2018-03-07,9.3,14.5,5.0
2018-03-08,11.71,15.0,7.0
2018-03-09,14.08,17.0,10.0
2018-03-10,14.03,18.0,11.0
2018-03-11,11.53,15.5,9.5
2018-03-12,11.78,15.0,8.5
2018-03-13,11.48,16.0,8.0
2018-03-14,12.44,16.5,7.5
2018-03-15,10.94,15.5,8.0
2018-03-16,8.91,14.0,6.0
2018-03-17,8.92,12.0,5.5
2018-03-18,9.35,12.5,6.0
2018-03-19,8.33,10.0,5.0
2018-03-20,6.66,10.0,3.5
2018-03-21,7.55,12.0,3.0
2018-03-22,8.29,14.0,2.0
2018-03-23,10.51,15.0,6.0
2018-03-24,9.9,12.0,6.5
2018-03-25,9.73,12.0,7.0
2018-03-26,11.45,15.5,5.0
2018-03-27,13.18,19.5,7.5
2018-03-28,13.66,20.0,8.0
2018-03-29,11.72,15.5,9.0
2018-03-30,10.0,14.5,7.0
2018-03-31,10.48,15.0,6.0
2018-04-01,13.29,18.0,6.5
2018-04-02,14.27,19.0,9.0
2018-04-03,13.63,19.0,10.0
2018-04-04,13.76,18.0,10.0
2018-04-05,14.45,20.0,8.0
2018-04-06,14.61,19.0,9.0
2018-04-07,11.55,15.0,10.0
2018-04-08,11.24,15.0,8.0
2018-04-09,9.98,15.0,7.0
2018-04-10,9.04,11.0,6.0
2018-04-11,10.38,13.0,7.0
2018-04-12,10.37,15.0,8.0
2018-04-13,10.86,14.0,8.0
2018-04-14,12.43,17.0,8.0
2018-04-15,14.18,18.0,9.0
2018-04-16,13.31,17.5,10.0
2018-04-17,14.72,22.0,8.0
2018-04-18,17.41,25.0,9.5
2018-04-19,17.29,23.0,11.0
2018-04-20,16.82,22.0,12.0
2018-04-21,17.07,22.0,12.0
2018-04-22,16.98,23.0,13.0
2018-04-23,16.95,22.0,13.0
2018-04-24,18.05,25.0,13.0
2018-04-25,17.03,22.5,12.5
2018-04-26,15.67,21.0,12.0
2018-04-27,15.88,23.0,12.0
2018-04-28,13.67,18.0,11.0
2018-04-29,11.32,14.5,8.5
2018-04-30,10.84,15.0,7.0
2018-05-01,11.21,16.0,7.5
2018-05-02,14.02,18.0,7.0
2018-05-03,14.93,19.0,9.0
2018-05-04,14.23,20.0,9.5
2018-05-05,16.45,23.0,9.5
2018-05-06,17.47,24.0,12.0
2018-05-07,17.56,23.5,13.5
2018-05-08,17.79,23.0,14.0
2018-05-09,17.1,21.0,13.0
2018-05-10,16.06,20.0,13.0
2018-05-11,16.63,22.5,10.5
2018-05-12,15.21,20.0,12.0
2018-05-13,13.59,18.0,8.0
2018-05-14,14.71,19.0,9.5
2018-05-15,16.07,22.0,9.5
2018-05-16,17.25,22.5,11.0
2018-05-17,17.55,23.0,12.0
2018-05-18,17.25,22.0,13.0
2018-05-19,17.59,23.0,13.0
2018-05-20,17.79,23.0,12.0
2018-05-21,17.27,22.0,13.0
2018-05-22,17.95,23.0,13.0
2018-05-23,19.21,24.0,13.0
2018-05-24,19.0,25.0,15.0
2018-05-25,16.9,21.0,14.0
2018-05-26,17.61,23.0,14.0
2018-05-27,18.25,24.0,15.0
2018-05-28,16.82,21.0,14.0
2018-05-29,16.89,20.0,15.0
2018-05-30,17.29,20.0,15.0
2018-05-31,18.21,23.5,13.5
2018-06-01,17.84,23.0,13.5
2018-06-02,17.7,23.0,14.0
2018-06-03,17.82,23.0,14.0
2018-06-04,17.5,20.5,13.0
2018-06-05,16.6,19.0,13.0
2018-06-06,16.59,21.0,14.0
2018-06-07,18.33,23.0,14.0
2018-06-08,18.01,20.0,15.0
2018-06-09,18.21,22.5,15.0
2018-06-10,17.82,22.0,14.0
2018-06-11,18.25,21.0,14.5
2018-06-12,19.13,24.5,15.0
2018-06-13,19.48,25.0,14.0
2018-06-14,19.84,24.5,14.0
2018-06-15,20.62,25.0,14.0
2018-06-16,21.29,26.5,16.0
2018-06-17,22.53,27.0,16.0
2018-06-18,22.54,28.0,16.5
2018-06-19,22.74,29.0,16.0
2018-06-20,25.08,29.5,18.0
2018-06-21,24.02,29.5,19.0
2018-06-22,24.03,30.0,18.0
2018-06-23,24.16,29.0,17.5
2018-06-24,24.17,29.0,18.0
2018-06-25,23.66,28.0,18.0
2018-06-26,22.74,29.0,18.0
2018-06-27,22.97,28.5,18.0
2018-06-28,22.56,27.0,18.0
2018-06-29,22.88,28.0,18.0
2018-06-30,22.02,27.5,18.0
2018-07-01,22.13,27.0,18.0
2018-07-02,23.23,28.0,17.0
2018-07-03,23.04,29.5,16.5
2018-07-04,21.79,28.0,17.0
2018-07-05,22.59,28.0,17.0
2018-07-06,22.84,28.5,17.0
2018-07-07,24.03,30.0,18.0
2018-07-08,24.76,30.0,20.0
2018-07-09,25.52,31.0,19.0
2018-07-10,24.53,29.0,20.0
2018-07-11,23.34,28.0,19.0
2018-07-12,22.95,27.0,18.0
2018-07-13,23.74,29.0,18.0
2018-07-14,23.81,30.0,19.0
2018-07-15,23.14,28.0,18.0
2018-07-16,22.35,28.0,17.5
2018-07-17,24.23,29.5,17.0
2018-07-18,24.1,30.0,19.0
2018-07-19,23.4,29.0,18.0
2018-07-20,23.07,30.0,18.0
2018-07-21,22.55,29.0,17.0
2018-07-22,22.67,28.0,17.0
2018-07-23,24.17,31.0,18.0
2018-07-24,23.88,31.0,19.0
2018-07-25,24.62,30.5,18.0
2018-07-26,23.74,29.0,19.0
2018-07-27,24.3,29.0,19.0
2018-07-28,24.0,31.0,18.0
2018-07-29,23.69,31.0,18.0
2018-07-30,24.43,31.5,17.0
2018-07-31,24.57,30.0,19.0
2018-08-01,26.61,33.0,19.5
2018-08-02,27.83,36.0,21.0
2018-08-03,28.43,35.0,21.5
2018-08-04,28.19,35.0,22.0
2018-08-05,28.25,35.5,22.0
2018-08-06,27.72,35.5,21.0
2018-08-07,25.98,32.0,21.5
2018-08-08,24.64,31.0,20.0
2018-08-09,22.74,30.0,18.0
2018-08-10,23.22,29.0,17.0
2018-08-11,25.4,31.0,20.0
2018-08-12,25.0,32.0,20.0
2018-08-13,23.88,30.0,19.0
2018-08-14,23.5,29.0,19.0
2018-08-15,24.16,30.0,18.0
2018-08-16,23.83,29.0,20.5
2018-08-17,22.42,28.0,18.0
2018-08-18,23.14,28.0,17.0
2018-08-19,24.95,31.0,18.0
2018-08-20,24.86,32.0,19.0
2018-08-21,25.43,32.5,19.0
2018-08-22,25.4,32.0,19.5
2018-08-23,24.59,30.5,20.0
2018-08-24,24.12,30.0,19.0
2018-08-25,22.59,27.0,18.0
2018-08-26,23.07,29.0,16.5
2018-08-27,25.52,31.0,18.0
2018-08-28,25.09,30.5,21.0
2018-08-29,22.67,28.5,19.0
2018-08-30,23.16,29.0,18.0
2018-08-31,24.45,29.0,20.0
2018-09-01,24.29,30.0,19.0
2018-09-02,25.15,31.5,21.0
2018-09-03,23.52,28.0,21.0
2018-09-04,22.73,28.0,18.0
2018-09-05,21.9,28.0,18.0
2018-09-06,21.31,27.0,17.0
2018-09-07,21.13,27.0,17.0
2018-09-08,21.19,27.0,17.0
2018-09-09,21.77,27.0,18.0
2018-09-10,21.97,28.0,17.0
2018-09-11,22.76,29.0,18.0
2018-09-12,22.85,29.0,19.0
2018-09-13,22.19,29.0,18.0
2018-09-14,22.69,28.0,18.0
2018-09-15,21.93,27.0,19.0
2018-09-16,22.37,29.0,17.0
2018-09-17,23.15,29.5,19.0
2018-09-18,22.36,27.5,19.0
2018-09-19,22.0,28.0,18.0
2018-09-20,22.55,29.0,18.0
2018-09-21,22.82,29.0,17.5
2018-09-22,22.95,30.0,17.0
2018-09-23,23.71,31.5,17.5
2018-09-24,22.22,30.0,17.0
2018-09-25,20.84,26.0,15.0
2018-09-26,22.28,28.0,19.0
2018-09-27,21.16,28.0,16.0
2018-09-28,20.71,28.0,15.0
2018-09-29,20.62,26.5,15.0
2018-09-30,20.23,26.0,14.0
2018-10-01,19.33,26.0,15.0
2018-10-02,17.71,25.5,11.0
2018-10-03,18.8,26.5,12.0
2018-10-04,19.55,27.0,13.0
2018-10-05,18.95,26.0,12.5
2018-10-06,18.14,25.0,12.0
2018-10-07,16.69,20.0,12.0
2018-10-08,16.45,21.0,12.0
2018-10-09,16.02,22.0,12.0
2018-10-10,17.74,23.0,14.0
2018-10-11,18.44,24.0,15.0
2018-10-12,19.98,25.5,16.0
2018-10-13,21.14,26.0,16.0
2018-10-14,16.37,21.5,13.0
2018-10-15,15.26,21.0,11.0
2018-10-16,15.89,22.0,12.0
2018-10-17,16.07,23.0,11.0
2018-10-18,16.44,20.0,14.0
2018-10-19,16.06,20.0,13.0
2018-10-20,16.81,21.0,14.0
2018-10-21,17.31,23.0,14.0
2018-10-22,16.9,24.0,13.0
2018-10-23,15.85,22.0,12.0
2018-10-24,14.77,24.0,10.0
2018-10-25,14.98,23.0,10.0
2018-10-26,15.39,18.0,11.5
2018-10-27,12.52,15.0,8.0
2018-10-28,8.05,10.0,5.0
2018-10-29,8.73,12.0,5.0
2018-10-30,10.12,14.0,6.0
2018-10-31,10.22,13.5,8.0
2018-11-01,11.14,16.0,7.0
2018-11-02,12.68,17.0,9.0
2018-11-03,11.14,18.0,7.0
2018-11-04,11.78,17.5,7.5
2018-11-05,11.79,13.0,9.0
2018-11-06,11.74,17.0,7.0
2018-11-07,12.36,17.0,8.0
2018-11-08,12.19,16.0,8.0
2018-11-09,12.17,17.0,8.0
2018-11-10,14.3,18.0,10.0
2018-11-11,14.72,20.0,12.0
2018-11-12,12.37,16.0,10.0
2018-11-13,12.77,18.0,10.0
2018-11-14,13.65,19.0,10.0
2018-11-15,14.62,19.0,12.0
2018-11-16,13.93,18.0,11.0
2018-11-17,14.08,18.0,11.0
2018-11-18,12.5,15.0,10.0
2018-11-19,11.97,15.0,10.0
2018-11-20,10.65,12.5,9.0
2018-11-21,10.39,16.0,7.0
2018-11-22,10.95,15.0,8.0
2018-11-23,10.06,12.0,7.0
2018-11-24,9.62,15.0,7.0
2018-11-25,11.76,15.0,7.0
2018-11-26,11.05,13.0,7.0
2018-11-27,9.45,16.0,6.0
2018-11-28,8.62,17.0,6.0
2018-11-29,9.83,16.0,5.0
2018-11-30,10.1,14.5,7.0
2018-12-01,9.9,15.0,7.0
2018-12-02,10.72,17.0,7.0
2018-12-03,11.53,17.0,8.5
2018-12-04,10.63,18.0,8.0
2018-12-05,10.5,18.0,7.0
2018-12-06,10.67,17.0,8.0
2018-12-07,8.84,14.5,6.0
2018-12-08,9.94,15.5,6.5
2018-12-09,10.34,17.0,7.0
2018-12-10,9.69,16.0,6.0
2018-12-11,9.02,14.0,4.0
2018-12-12,9.91,14.0,6.5
2018-12-13,9.76,12.0,8.0
2018-12-14,9.3,13.0,6.5
2018-12-15,10.18,15.0,6.0
2018-12-16,10.92,14.0,8.0
2018-12-17,8.8,14.0,6.0
2018-12-18,9.02,14.0,4.5
2018-12-19,9.75,14.5,7.0
2018-12-20,9.43,15.0,7.0
2018-12-21,10.09,16.5,6.0
2018-12-22,10.07,18.0,7.0
2018-12-23,8.12,16.5,5.0
2018-12-24,7.14,17.0,5.0
2018-12-25,7.67,15.0,4.0
2018-12-26,7.62,15.0,5.0
2018-12-27,6.86,13.0,4.0
2018-12-28,8.0,14.0,5.0
2018-12-29,8.31,14.0,4.0
2018-12-30,6.78,15.5,2.0
2018-12-31,6.4,16.0,2.0
2019-01-01,5.68,15.5,1.5
2019-01-02,5.56,13.0,1.0
2019-01-03,5.29,13.0,0.0
2019-01-04,3.86,12.5,-1.0
2019-01-05,3.92,13.5,-2.0
2019-01-06,4.93,16.0,0.0
2019-01-07,4.92,14.5,0.5
2019-01-08,5.5,13.0,2.0
2019-01-09,7.5,14.0,2.0
2019-01-10,6.41,12.0,2.0
2019-01-11,4.23,10.0,0.0
2019-01-12,5.26,12.0,1.0
2019-01-13,6.66,14.0,2.0
2019-01-14,8.21,15.5,5.0
2019-01-15,6.97,14.0,3.5
2019-01-16,6.45,14.0,3.0
2019-01-17,6.49,11.0,3.0
2019-01-18,6.13,10.0,3.0
2019-01-19,7.29,12.0,6.0
2019-01-20,8.51,11.0,6.0
2019-01-21,6.4,11.0,3.0
2019-01-22,6.72,10.0,2.0
2019-01-23,10.98,13.0,8.0
2019-01-24,10.61,14.0,8.0
2019-01-25,10.83,15.0,6.0
2019-01-26,8.57,14.0,4.0
2019-01-27,9.22,13.0,6.5
2019-01-28,9.83,13.0,6.0
2019-01-29,9.31,12.0,6.0
2019-01-30,8.71,12.0,6.0
2019-01-31,11.62,15.0,8.0
2019-02-01,10.05,12.0,7.0
2019-02-02,7.05,10.0,4.0
2019-02-03,5.95,11.0,2.0
2019-02-04,6.76,13.0,1.0
2019-02-05,8.57,16.0,4.0
2019-02-06,8.84,16.0,4.0
2019-02-07,8.87,16.0,5.0
2019-02-08,8.56,15.0,3.0
2019-02-09,8.95,17.0,4.0
2019-02-10,10.94,16.0,6.0
2019-02-11,10.06,15.0,6.0
2019-02-12,8.08,15.0,3.0
2019-02-13,8.47,15.0,2.0
2019-02-14,8.77,16.0,4.0
2019-02-15,9.75,17.0,3.0
2019-02-16,10.42,18.0,4.5
2019-02-17,10.53,17.0,6.0
2019-02-18,9.86,15.0,5.0
2019-02-19,9.13,15.0,4.0
2019-02-20,8.65,15.0,4.0
2019-02-21,9.78,17.5,4.0
2019-02-22,10.93,20.5,4.0
2019-02-23,11.3,20.0,5.0
2019-02-24,10.83,19.0,5.0
2019-02-25,10.27,19.5,5.0
2019-02-26,11.41,21.0,3.0
2019-02-27,11.9,21.0,4.0
2019-02-28,10.68,19.5,5.5
2019-03-01,11.41,18.0,5.0
2019-03-02,11.82,18.5,8.0
2019-03-03,13.63,21.5,6.0
2019-03-04,12.84,18.0,9.0
2019-03-05,13.68,18.0,8.0
2019-03-06,12.65,16.0,9.0
2019-03-07,10.74,16.0,6.0
2019-03-08,10.77,16.5,6.0
2019-03-09,12.16,19.0,5.0
2019-03-10,12.74,20.0,7.0
2019-03-11,12.53,19.0,8.0
2019-03-12,13.37,20.0,6.0
2019-03-13,11.43,15.0,7.5
2019-03-14,11.26,18.0,6.0
2019-03-15,11.97,20.5,6.0
2019-03-16,12.7,22.5,4.0
2019-03-17,13.03,20.0,7.0
2019-03-18,11.53,16.0,6.0
2019-03-19,11.03,16.0,7.0
2019-03-20,10.48,15.0,6.0
2019-03-21,10.42,17.0,5.0
2019-03-22,13.05,19.0,4.0
2019-03-23,13.8,20.0,6.0
2019-03-24,13.88,22.0,7.0
2019-03-25,13.9,21.0,8.0
2019-03-26,13.55,19.5,7.5
2019-03-27,12.12,19.0,5.5
2019-03-28,12.15,19.0,6.0
2019-03-29,13.12,19.0,5.0
2019-03-30,13.38,19.0,6.0
2019-03-31,12.95,17.0,8.0
2019-04-01,12.65,17.0,9.0
2019-04-02,12.85,18.0,8.0
2019-04-03,11.28,16.0,6.0
2019-04-04,10.72,16.0,4.0
2019-04-05,9.39,13.0,6.0
2019-04-06,9.39,15.0,6.0
2019-04-07,11.63,15.0,8.0
2019-04-08,12.81,16.5,9.0
2019-04-09,11.0,16.0,8.0
2019-04-10,11.49,15.0,7.5
2019-04-11,12.03,17.0,7.0
2019-04-12,12.74,19.0,7.0
2019-04-13,14.14,21.0,6.5
2019-04-14,16.29,21.5,9.0
2019-04-15,15.26,22.0,11.0
2019-04-16,14.97,20.0,8.0
2019-04-17,15.73,21.0,11.0
2019-04-18,13.24,17.0,10.5
2019-04-19,13.31,19.0,11.0
2019-04-20,14.53,19.0,10.0
2019-04-21,13.38,17.0,10.0
2019-04-22,14.37,19.0,10.0
2019-04-23,12.5,17.0,9.0
2019-04-24,12.67,17.0,8.0
2019-04-25,13.08,17.0,10.0
2019-04-26,13.48,19.0,9.0
2019-04-27,14.7,20.0,9.0
2019-04-28,15.5,21.0,9.0
2019-04-29,15.97,20.5,10.0
2019-04-30,16.02,20.0,10.0
2019-05-01,16.97,21.0,10.5
2019-05-02,16.22,21.0,11.5
2019-05-03,15.36,20.0,10.0
2019-05-04,14.74,20.0,8.0
2019-05-05,14.32,20.5,9.0
2019-05-06,15.71,21.0,10.0
2019-05-07,17.18,21.5,11.0
2019-05-08,18.31,22.0,14.0
2019-05-09,16.58,22.0,12.0
2019-05-10,18.76,25.0,13.0
2019-05-11,18.5,23.0,12.0
2019-05-12,18.48,24.0,10.0
2019-05-13,18.72,24.0,11.0
2019-05-14,18.86,26.0,11.0
2019-05-15,19.47,24.5,11.0
2019-05-16,17.18,23.0,11.0
2019-05-17,14.8,19.0,11.0
2019-05-18,14.43,18.5,10.0
2019-05-19,14.8,19.5,10.5
2019-05-20,16.22,21.0,9.0
2019-05-21,17.58,22.0,11.0
2019-05-22,19.27,24.0,11.0
2019-05-23,19.66,26.0,13.0
2019-05-24,17.2,20.0,14.0
2019-05-25,17.57,23.0,13.0
2019-05-26,18.22,24.0,13.0
2019-05-27,19.38,25.0,13.0
2019-05-28,18.38,23.0,13.0
2019-05-29,19.02,24.0,12.0
2019-05-30,20.84,27.0,12.0
2019-05-31,22.59,29.0,13.0
2019-06-01,22.8,30.0,14.0
2019-06-02,22.52,29.0,14.0
2019-06-03,21.81,27.0,15.0
2019-06-04,20.16,27.0,15.0
2019-06-05,17.19,22.0,13.0
2019-06-06,18.33,24.0,11.0
2019-06-07,17.92,24.0,13.0
2019-06-08,19.89,24.0,12.0
2019-06-09,18.91,26.0,15.0
2019-06-10,18.53,25.0,13.0
2019-06-11,17.06,21.0,12.0
2019-06-12,17.41,22.0,10.0
2019-06-13,19.03,25.0,11.0
2019-06-14,18.61,24.0,14.0
2019-06-15,19.29,25.0,13.0
2019-06-16,19.93,26.0,12.0
2019-06-17,21.82,28.0,14.0
2019-06-18,21.75,28.0,15.5
2019-06-19,21.1,27.0,16.5
2019-06-20,20.93,25.0,17.0
2019-06-21,20.35,26.0,16.0
2019-06-22,22.8,29.0,15.0
2019-06-23,23.07,28.0,18.0
2019-06-24,22.34,27.0,17.0
2019-06-25,23.17,28.0,17.0
2019-06-26,25.02,32.0,19.0
2019-06-27,26.12,32.5,19.0
2019-06-28,27.12,34.0,19.0
2019-06-29,25.8,35.0,19.0
2019-06-30,24.55,29.5,20.0
2019-07-01,23.66,29.0,20.0
2019-07-02,23.23,28.0,18.0
2019-07-03,24.13,28.5,19.0
2019-07-04,24.48,29.0,20.0
2019-07-05,25.02,31.0,20.0
2019-07-06,24.6,30.0,19.0
2019-07-07,23.79,31.0,19.0
2019-07-08,22.81,28.0,19.0
2019-07-09,22.66,29.0,18.0
2019-07-10,24.27,30.0,16.0
2019-07-11,25.78,32.0,18.0
2019-07-12,26.4,31.5,20.0
2019-07-13,24.91,29.0,21.0
2019-07-14,23.95,29.0,19.5
2019-07-15,24.67,29.5,19.5
2019-07-16,24.57,30.0,17.0
2019-07-17,23.45,29.0,19.0
2019-07-18,24.22,29.5,18.0
2019-07-19,25.93,31.0,19.0
2019-07-20,25.46,31.0,21.0
2019-07-21,26.55,32.0,21.0
2019-07-22,27.21,34.0,22.0
2019-07-23,26.88,35.0,22.0
2019-07-24,27.31,34.0,21.0
2019-07-25,26.07,32.0,21.0
2019-07-26,23.79,30.0,20.0
2019-07-27,21.77,26.0,18.0
2019-07-28,22.22,28.0,17.0
2019-07-29,23.63,30.0,17.0
2019-07-30,22.91,29.0,17.0
2019-07-31,23.9,28.0,17.5
2019-08-01,24.13,30.0,20.0
2019-08-02,24.3,30.0,18.0
2019-08-03,25.32,31.5,19.0
2019-08-04,24.3,30.0,19.0
2019-08-05,25.29,32.0,18.0
2019-08-06,24.8,31.5,18.0
2019-08-07,25.58,30.0,21.5
2019-08-08,27.38,33.5,20.0
2019-08-09,25.31,32.0,21.0
2019-08-10,24.09,31.0,20.0
2019-08-11,23.15,29.5,19.5
2019-08-12,21.82,28.0,16.5
2019-08-13,22.22,28.5,15.0
2019-08-14,23.63,29.0,15.5
2019-08-15,24.77,30.0,18.0
2019-08-16,24.83,30.0,18.0
2019-08-17,25.26,31.0,19.0
2019-08-18,23.72,30.0,18.0
2019-08-19,23.55,29.0,19.5
2019-08-20,22.03,27.0,17.0
2019-08-21,23.18,28.0,18.0
2019-08-22,24.17,30.5,17.0
2019-08-23,24.76,33.0,18.0
2019-08-24,24.21,32.0,17.5
2019-08-25,24.28,30.5,19.0
2019-08-26,22.69,28.5,19.0
2019-08-27,21.92,27.0,18.0
2019-08-28,23.27,29.5,18.0
2019-08-29,24.13,31.0,19.0
2019-08-30,25.21,31.0,20.0
2019-08-31,24.2,31.0,19.0
2019-09-01,23.07,29.0,18.5
2019-09-02,22.95,28.5,18.5
2019-09-03,23.14,29.0,17.0
2019-09-04,22.91,29.0,17.0
2019-09-05,21.63,27.5,17.5
2019-09-06,20.88,27.0,14.0
2019-09-07,21.12,26.0,15.0
2019-09-08,20.78,26.0,16.0
2019-09-09,21.1,27.0,15.5
2019-09-10,18.43,22.0,15.0
2019-09-11,19.67,24.5,15.0
2019-09-12,20.64,27.0,16.0
2019-09-13,20.42,26.0,16.0
2019-09-14,20.81,26.0,17.0
2019-09-15,20.86,27.0,17.0
2019-09-16,21.22,27.0,17.0
2019-09-17,21.66,28.0,18.0
2019-09-18,21.12,28.0,17.0
2019-09-19,21.02,28.0,16.0
2019-09-20,21.07,26.0,17.0
2019-09-21,21.03,25.0,18.0
2019-09-22,19.77,24.5,16.5
2019-09-23,19.67,25.0,14.0
2019-09-24,20.95,28.0,15.0
2019-09-25,20.63,25.0,16.0
2019-09-26,20.5,27.0,14.0
2019-09-27,20.35,26.0,15.0
2019-09-28,19.55,26.0,15.0
2019-09-29,20.41,28.0,14.0
2019-09-30,20.57,27.0,17.0
2019-10-01,20.68,27.0,16.0
2019-10-02,19.23,24.0,14.5
2019-10-03,18.31,25.0,13.0
2019-10-04,18.76,25.0,13.0
2019-10-05,18.28,23.5,14.0
2019-10-06,19.09,24.0,14.0
2019-10-07,19.73,26.5,13.0
2019-10-08,20.61,27.0,14.0
2019-10-09,18.67,25.0,14.5
2019-10-10,18.7,23.0,13.5
2019-10-11,20.4,27.0,14.0
2019-10-12,20.98,26.0,17.0
2019-10-13,20.31,26.0,17.0
2019-10-14,17.47,22.0,14.0
2019-10-15,14.9,21.0,10.5
2019-10-16,15.78,23.0,10.0
2019-10-17,17.0,23.5,11.5
2019-10-18,17.35,21.0,14.0
2019-10-19,16.88,21.0,13.0
2019-10-20,14.29,18.0,11.0
2019-10-21,11.84,17.0,8.5
2019-10-22,11.62,15.0,8.5
2019-10-23,12.94,17.0,10.0
2019-10-24,13.47,18.5,10.0
2019-10-25,14.13,22.0,10.0
2019-10-26,15.19,23.0,10.0
2019-10-27,16.02,22.0,11.0
2019-10-28,15.84,21.0,12.5
2019-10-29,16.02,22.0,13.0
2019-10-30,16.42,21.5,13.0
2019-10-31,17.91,22.0,15.0
2019-11-01,18.86,22.0,15.5
2019-11-02,17.87,20.0,15.0
2019-11-03,16.83,19.0,14.0
2019-11-04,15.54,18.5,13.0
2019-11-05,13.12,15.5,10.5
2019-11-06,12.37,16.5,9.0
2019-11-07,11.32,14.0,8.0
2019-11-08,10.15,14.0,7.0
2019-11-09,10.77,15.0,7.0
2019-11-10,10.42,13.0,8.0
2019-11-11,10.91,15.0,7.0
2019-11-12,11.48,15.0,8.0
2019-11-13,12.71,15.0,10.0
2019-11-14,8.99,12.0,6.0
2019-11-15,7.61,11.0,4.0
2019-11-16,6.91,12.0,2.0
2019-11-17,8.89,13.0,5.0
2019-11-18,9.06,13.0,6.0
2019-11-19,7.27,13.0,4.0
2019-11-20,8.66,12.5,4.5
2019-11-21,9.79,14.0,6.5
2019-11-22,11.78,14.5,8.5
2019-11-23,11.9,15.5,9.0
2019-11-24,11.07,16.0,7.0
2019-11-25,12.53,17.0,9.0
2019-11-26,13.81,18.0,11.0
2019-11-27,13.37,17.0,11.0
2019-11-28,12.6,16.0,10.0
2019-11-29,12.94,17.0,10.0
2019-11-30,12.16,17.0,10.0
2019-12-01,10.44,15.0,8.0
2019-12-02,9.76,13.0,7.0
2019-12-03,8.33,11.0,4.0
2019-12-04,9.02,12.0,5.0
2019-12-05,10.22,13.5,7.0
2019-12-06,9.53,16.0,6.0
2019-12-07,8.2,16.0,5.0
2019-12-08,9.1,14.0,5.0
2019-12-09,10.11,14.0,6.5
2019-12-10,8.35,14.0,5.5
2019-12-11,8.4,13.0,4.0
2019-12-12,10.17,13.5,7.5
2019-12-13,14.32,17.0,12.0
2019-12-14,12.74,17.0,10.0
2019-12-15,11.02,17.0,8.0
2019-12-16,11.58,15.0,7.5
2019-12-17,9.7,14.0,7.0
2019-12-18,10.67,16.0,7.0
2019-12-19,12.51,15.0,8.5
2019-12-20,13.44,16.0,11.0
2019-12-21,14.18,17.5,11.0
2019-12-22,13.62,17.0,11.0
2019-12-23,11.41,16.0,8.5
2019-12-24,11.19,19.0,7.0
2019-12-25,9.85,19.0,6.0
2019-12-26,9.8,16.0,6.0
2019-12-27,7.16,14.5,3.5
2019-12-28,7.12,15.0,3.0
2019-12-29,6.91,16.0,3.0
2019-12-30,6.52,15.0,3.0
2019-12-31,5.85,14.0,3.0
2020-01-01,5.55,13.0,2.0
2020-01-02,5.59,13.0,2.0
2020-01-03,6.12,12.0,3.0
2020-01-04,6.62,13.0,3.0
2020-01-05,5.89,14.0,2.0
2020-01-06,4.97,13.0,1.0
2020-01-07,5.19,14.0,1.5
2020-01-08,6.84,15.0,3.0
2020-01-09,8.2,15.0,4.5
2020-01-10,7.83,12.0,4.0
2020-01-11,5.95,13.0,3.0
2020-01-12,4.52,14.0,1.0
2020-01-13,4.83,12.0,-1.0
2020-01-14,6.8,14.5,2.0
2020-01-15,8.52,15.0,5.0
2020-01-16,9.61,16.0,5.0
2020-01-17,10.14,16.0,6.0
2020-01-18,9.17,13.5,6.0
2020-01-19,8.65,11.0,7.0
2020-01-20,6.42,9.0,6.0
2020-01-21,7.1,9.0,5.0
2020-01-22,8.43,11.0,6.0
2020-01-23,8.41,12.0,5.0
2020-01-24,8.98,14.0,6.0
2020-01-25,9.15,14.0,7.0
2020-01-26,8.37,14.0,5.0
2020-01-27,9.42,14.0,6.0
2020-01-28,11.64,16.0,8.0
2020-01-29,11.09,16.0,9.0
2020-01-30,12.03,17.0,9.0
2020-01-31,12.47,18.0,9.0
2020-02-01,13.91,19.0,10.5
2020-02-02,14.23,21.0,10.0
2020-02-03,12.39,21.5,9.0
2020-02-04,11.89,18.0,8.0
2020-02-05,9.97,15.0,6.0
2020-02-06,9.5,16.0,4.0
2020-02-07,9.66,15.0,7.0
2020-02-08,9.76,14.0,6.0
2020-02-09,11.76,16.0,7.0
2020-02-10,11.86,19.0,8.0
2020-02-11,11.61,15.0,8.0
2020-02-12,11.3,14.0,10.0
2020-02-13,11.87,17.0,10.0
2020-02-14,10.46,16.0,7.5
2020-02-15,10.5,16.0,6.0
2020-02-16,12.42,17.0,9.0
2020-02-17,11.41,16.5,8.0
2020-02-18,10.09,14.0,6.0
2020-02-19,9.52,16.0,4.0
2020-02-20,9.36,16.0,4.0
2020-02-21,9.67,17.5,5.0
2020-02-22,10.36,18.5,4.5
2020-02-23,10.55,21.0,4.5
2020-02-24,10.57,20.0,5.0
2020-02-25,11.87,18.0,7.0
2020-02-26,11.36,16.0,8.0
2020-02-27,12.45,19.0,7.5
2020-02-28,12.86,19.0,8.0
2020-02-29,12.95,17.0,8.0
2020-03-01,13.68,18.0,9.5
2020-03-02,12.24,15.0,8.0
2020-03-03,12.04,16.0,7.0
2020-03-04,14.26,19.0,11.0
2020-03-05,12.81,17.0,9.0
2020-03-06,10.67,13.0,7.0
2020-03-07,10.79,16.0,7.0
2020-03-08,11.53,17.0,4.0
2020-03-09,12.02,18.0,7.0
2020-03-10,13.02,19.0,7.0
2020-03-11,14.33,22.0,7.0
2020-03-12,13.68,21.0,9.0
2020-03-13,13.18,18.0,9.0
2020-03-14,11.45,18.0,7.0
2020-03-15,12.29,18.0,7.0
2020-03-16,10.0,12.5,7.5
2020-03-17,11.73,17.0,8.0
2020-03-18,12.52,17.0,8.0
2020-03-19,12.36,18.0,8.5
2020-03-20,12.53,16.0,10.0
2020-03-21,11.23,16.0,9.0
2020-03-22,11.17,15.5,8.5
2020-03-23,11.73,15.0,10.0
2020-03-24,12.16,16.0,9.0
2020-03-25,10.29,15.0,7.0
2020-03-26,9.95,14.0,6.5
2020-03-27,9.17,14.0,4.0
2020-03-28,10.8,17.0,5.5
2020-03-29,11.55,18.0,6.0
2020-03-30,8.89,12.0,5.5
2020-03-31,8.82,11.0,6.5
2020-04-01,11.15,14.0,8.0
2020-04-02,11.1,15.0,9.0
2020-04-03,12.07,17.5,6.0
2020-04-04,14.09,19.0,6.0
2020-04-05,14.36,19.0,10.0
2020-04-06,13.42,18.0,10.0
2020-04-07,14.31,18.0,11.0
2020-04-08,14.75,20.0,10.5
2020-04-09,15.0,19.0,11.0
2020-04-10,14.45,19.0,11.0
2020-04-11,14.98,19.0,11.0
2020-04-12,14.55,19.0,11.0
2020-04-13,13.77,18.0,11.0
2020-04-14,14.41,20.0,10.0
2020-04-15,14.62,18.5,10.5
2020-04-16,15.11,20.0,12.0
2020-04-17,15.41,20.0,12.0
2020-04-18,15.1,20.0,11.0
2020-04-19,14.56,18.0,14.0
2020-04-20,14.1,18.0,12.0
2020-04-21,12.82,15.0,11.0
2020-04-22,14.52,19.0,11.0
2020-04-23,15.36,20.0,11.0
2020-04-24,16.36,22.0,12.0
2020-04-25,15.5,20.0,13.0
2020-04-26,15.05,20.0,12.0
2020-04-27,14.21,18.0,12.0
2020-04-28,14.26,19.0,10.0
2020-04-29,15.71,20.0,10.0
2020-04-30,16.5,21.0,12.0
2020-05-01,18.43,23.0,13.5
2020-05-02,19.23,25.5,14.0
2020-05-03,20.29,26.5,13.0
2020-05-04,20.86,28.0,14.0
2020-05-05,19.0,25.0,13.5
2020-05-06,18.81,26.0,13.0
2020-05-07,19.88,26.0,14.0
2020-05-08,18.9,25.0,14.0
2020-05-09,17.57,23.5,14.0
2020-05-10,15.75,19.0,12.0
2020-05-11,16.48,20.5,12.0
2020-05-12,14.5,18.0,12.0
2020-05-13,14.97,20.0,11.0
2020-05-14,13.7,16.0,12.0
2020-05-15,14.38,19.0,11.0
2020-05-16,14.97,21.0,12.0
2020-05-17,16.59,22.0,11.0
2020-05-18,18.45,25.0,11.0
2020-05-19,19.97,28.0,13.0
2020-05-20,20.33,29.0,13.0
2020-05-21,21.33,30.0,14.0
2020-05-22,21.81,28.0,15.0
2020-05-23,21.07,27.5,14.5
2020-05-24,20.55,25.0,16.0
2020-05-25,19.9,26.0,15.0
2020-05-26,21.02,26.5,14.5
2020-05-27,22.1,28.0,16.0
2020-05-28,22.34,30.0,16.0
2020-05-29,21.81,29.0,16.0
2020-05-30,21.7,29.0,15.0
2020-05-31,20.1,25.5,15.5
2020-06-01,17.89,18.0,17.5
