,temp,max_temp,min_temp
2015-01-01,16.83,22.0,15.0
2015-01-02,19.41,24.0,16.05
2015-01-03,22.03,27.8,19.0
2015-01-04,21.78,28.0,19.4
2015-01-05,16.65,21.0,13.3
2015-01-06,14.75,23.9,11.0
2015-01-07,13.08,19.4,8.0
2015-01-08,8.37,14.0,2.8
2015-01-09,10.43,14.0,6.85
2015-01-10,12.48,18.0,6.0
2015-01-11,18.33,24.0,11.7
2015-01-12,18.99,24.0,16.7
2015-01-13,18.1,23.15,16.0
2015-01-14,15.18,19.2,12.0
2015-01-15,12.63,15.0,11.0
2015-01-16,11.68,17.0,8.95
2015-01-17,13.95,22.2,7.2
2015-01-18,13.92,21.0,11.0
2015-01-19,11.57,21.0,6.1
2015-01-20,15.1,21.45,8.1
2015-01-21,16.42,24.0,11.05
2015-01-22,17.95,24.5,12.0
2015-01-23,19.93,25.0,17.2
2015-01-24,15.97,21.05,9.4
2015-01-25,12.24,17.9,4.7
2015-01-26,14.03,18.0,9.4
2015-01-27,12.53,19.0,6.0
2015-01-28,9.88,16.0,6.0
2015-01-29,13.37,20.6,5.6
2015-01-30,14.21,21.55,7.9
2015-01-31,13.31,20.6,7.0
2015-02-01,17.73,23.0,9.0
2015-02-02,17.53,22.0,10.0
2015-02-03,12.19,18.0,5.0
2015-02-04,15.94,22.0,11.5
2015-02-05,15.19,19.0,10.6
2015-02-06,11.76,18.0,8.9
2015-02-07,13.18,21.1,7.75
2015-02-08,15.13,23.0,8.3
2015-02-09,16.23,22.0,12.0
2015-02-10,13.78,17.1,11.0
2015-02-11,11.43,18.9,7.15
2015-02-12,12.82,21.0,6.0
2015-02-13,9.23,14.4,5.0
2015-02-14,11.23,17.2,3.0
2015-02-15,13.47,21.1,8.3
2015-02-16,17.96,22.8,10.0
2015-02-17,15.6,23.0,13.0
2015-02-18,10.95,15.0,6.7
2015-02-19,5.96,10.2,2.0
2015-02-20,7.67,13.0,0.0
2015-02-21,16.04,21.75,6.0
2015-02-22,18.97,26.0,13.0
2015-02-23,18.62,26.0,15.0
2015-02-24,15.98,21.1,15.0
2015-02-25,16.02,22.0,14.0
2015-02-26,16.02,22.2,12.8
2015-02-27,12.85,15.0,11.0
2015-02-28,16.24,19.0,12.9
2015-03-01,18.1,25.8,16.85
2015-03-02,19.06,26.8,16.1
2015-03-03,19.94,27.2,16.1
2015-03-04,21.31,27.8,17.1
2015-03-05,21.74,28.3,17.8
2015-03-06,15.31,21.2,10.8
2015-03-07,14.61,20.6,10.65
2015-03-08,17.94,24.4,12.0
2015-03-09,20.54,26.7,13.9
2015-03-10,22.37,28.3,17.8
2015-03-11,23.03,28.9,20.0
2015-03-12,22.6,28.3,20.0
2015-03-13,22.56,27.4,20.0
2015-03-14,22.5,28.3,19.0
2015-03-15,21.29,28.0,18.7
2015-03-16,21.13,28.3,16.7
2015-03-17,22.1,29.4,16.75
2015-03-18,21.44,27.8,17.2
2015-03-19,21.77,27.2,18.9
2015-03-20,21.07,28.8,17.9
2015-03-21,22.06,28.3,18.25
2015-03-22,21.87,28.0,19.0
2015-03-23,21.08,26.0,18.3
2015-03-24,19.35,24.0,17.0
2015-03-25,19.88,26.1,16.7
2015-03-26,21.79,28.5,18.0
2015-03-27,20.22,25.8,16.1
2015-03-28,14.54,19.4,10.0
2015-03-29,14.5,20.6,8.3
2015-03-30,18.73,25.0,9.4
2015-03-31,20.69,27.0,15.0
2015-04-01,21.18,28.0,17.2
2015-04-02,21.16,27.2,17.0
2015-04-03,21.77,28.3,17.0
2015-04-04,22.22,28.3,16.7
2015-04-05,21.81,26.7,18.0
2015-04-06,22.53,27.9,19.5
2015-04-07,23.07,29.0,19.4
2015-04-08,23.41,29.4,19.4
2015-04-09,23.51,29.0,19.0
2015-04-10,24.25,29.4,20.0
2015-04-11,23.51,29.4,20.55
2015-04-12,23.43,28.95,20.0
2015-04-13,23.65,29.0,21.0
2015-04-14,24.2,30.0,20.6
2015-04-15,24.19,29.4,21.1
2015-04-16,23.35,28.2,21.0
2015-04-17,23.17,27.0,20.7
2015-04-18,24.36,30.0,21.05
2015-04-19,24.06,31.0,21.05
2015-04-20,22.73,28.3,19.4
2015-04-21,22.56,28.0,19.4
2015-04-22,23.06,28.95,19.4
2015-04-23,23.72,29.0,19.7
2015-04-24,23.91,29.0,21.0
2015-04-25,25.4,30.0,20.75
2015-04-26,26.34,31.1,23.3
2015-04-27,24.28,28.0,21.8
2015-04-28,22.08,26.0,20.0
2015-04-29,22.39,28.3,21.0
2015-04-30,21.22,26.1,17.55
2015-05-01,21.12,27.2,16.0
2015-05-02,21.04,26.7,15.0
2015-05-03,21.98,27.2,15.0
2015-05-04,22.31,27.2,16.7
2015-05-05,22.72,27.0,19.0
2015-05-06,22.83,28.65,19.4
2015-05-07,23.22,29.4,18.0
2015-05-08,23.79,30.6,17.7
2015-05-09,25.2,31.1,19.0
2015-05-10,25.72,32.0,20.0
2015-05-11,25.57,31.8,20.8
2015-05-12,25.1,31.1,21.4
2015-05-13,25.39,31.75,21.2
2015-05-14,25.7,31.1,21.75
2015-05-15,25.06,30.0,22.0
2015-05-16,25.26,30.0,21.7
2015-05-17,25.57,30.8,22.65
2015-05-18,25.58,31.0,21.1
2015-05-19,25.67,31.35,21.1
2015-05-20,25.97,32.2,21.7
2015-05-21,26.89,32.8,22.0
2015-05-22,25.4,31.1,22.2
2015-05-23,26.06,31.1,22.0
2015-05-24,26.45,31.1,23.3
2015-05-25,26.58,31.7,23.0
2015-05-26,25.94,31.1,23.0
2015-05-27,25.86,30.7,22.2
2015-05-28,25.17,30.0,21.7
2015-05-29,25.54,30.0,20.0
2015-05-30,25.91,31.0,21.05
2015-05-31,25.44,31.0,21.7
2015-06-01,24.92,30.6,21.1
2015-06-02,23.46,28.3,21.0
2015-06-03,24.91,29.45,20.6
2015-06-04,26.14,31.0,21.1
2015-06-05,25.31,31.05,21.7
2015-06-06,25.68,30.8,21.7
2015-06-07,26.04,31.1,21.7
2015-06-08,26.39,31.1,22.0
2015-06-09,25.69,31.65,22.2
2015-06-10,24.21,30.0,21.7
2015-06-11,25.45,31.0,22.0
2015-06-12,26.61,32.2,22.8
2015-06-13,27.27,32.8,24.0
2015-06-14,27.42,33.0,23.9
2015-06-15,27.29,33.0,23.15
2015-06-16,27.83,33.4,23.0
2015-06-17,29.58,33.8,23.9
2015-06-18,28.01,33.8,24.0
2015-06-19,27.97,33.9,23.9
2015-06-20,28.27,33.3,23.95
2015-06-21,28.68,34.0,24.0
2015-06-22,28.31,34.4,24.4
2015-06-23,26.63,33.3,23.9
2015-06-24,27.09,32.8,23.0
2015-06-25,26.29,32.2,23.3
2015-06-26,27.14,32.2,23.3
2015-06-27,27.79,32.8,23.9
2015-06-28,27.46,32.2,24.0
2015-06-29,26.16,31.7,23.1
2015-06-30,27.33,33.0,22.9
2015-07-01,27.76,33.0,23.3
2015-07-02,26.43,32.2,23.0
2015-07-03,27.53,33.0,23.0
2015-07-04,26.51,32.2,22.8
2015-07-05,25.09,32.2,22.0
2015-07-06,25.87,32.2,21.9
2015-07-07,26.31,32.0,22.2
2015-07-08,26.8,32.8,22.8
2015-07-09,27.57,32.8,23.0
2015-07-10,28.11,33.2,23.3
2015-07-11,27.93,34.0,23.9
2015-07-12,27.21,33.3,24.2
2015-07-13,27.96,34.0,23.9
2015-07-14,27.93,33.0,25.0
2015-07-15,27.49,32.8,25.0
2015-07-16,26.86,31.7,24.0
2015-07-17,26.45,32.2,23.9
2015-07-18,27.03,32.0,24.0
2015-07-19,27.33,32.8,24.0
2015-07-20,27.47,32.8,24.0
2015-07-21,27.61,33.0,24.4
2015-07-22,27.78,33.3,25.0
2015-07-23,28.07,33.3,25.6
2015-07-24,26.48,32.2,24.0
2015-07-25,25.93,31.0,23.9
2015-07-26,26.34,31.1,23.9
2015-07-27,27.25,31.7,24.0
2015-07-28,27.81,32.2,24.4
2015-07-29,27.1,33.15,24.55
2015-07-30,26.65,32.8,24.2
2015-07-31,26.52,32.1,24.0
2015-08-01,25.97,31.1,23.25
2015-08-02,26.26,31.7,23.0
2015-08-03,26.25,30.0,23.3
2015-08-04,27.47,32.2,24.0
2015-08-05,27.7,32.8,24.4
2015-08-06,28.07,32.8,24.15
2015-08-07,27.73,32.8,25.0
2015-08-08,26.86,32.8,23.9
2015-08-09,27.1,32.8,23.9
2015-08-10,27.28,33.0,24.0
2015-08-11,27.72,33.0,23.9
2015-08-12,28.11,33.9,25.0
2015-08-13,26.65,32.2,23.3
2015-08-14,26.49,32.0,22.8
2015-08-15,25.87,31.7,23.0
2015-08-16,26.07,31.7,23.0
2015-08-17,26.34,32.15,23.9
2015-08-18,27.45,32.8,24.4
2015-08-19,27.55,33.0,25.0
2015-08-20,27.49,33.0,24.6
2015-08-21,28.03,33.0,24.4
2015-08-22,28.19,33.9,25.0
2015-08-23,28.4,33.9,25.0
2015-08-24,28.31,33.0,24.0
2015-08-25,28.36,33.3,25.0
2015-08-26,26.05,32.8,23.25
2015-08-27,25.41,31.0,22.8
2015-08-28,26.06,32.0,22.8
2015-08-29,25.74,31.45,23.0
2015-08-30,25.49,30.6,22.95
2015-08-31,26.72,31.7,24.0
2015-09-01,27.58,32.2,23.9
2015-09-02,27.9,32.95,25.0
2015-09-03,27.69,33.0,25.0
2015-09-04,26.68,32.6,23.9
2015-09-05,25.93,32.1,23.1
2015-09-06,25.87,31.7,23.3
2015-09-07,25.43,30.6,23.0
2015-09-08,26.62,31.7,23.9
2015-09-09,27.83,32.2,23.9
2015-09-10,27.77,32.2,25.0
2015-09-11,27.41,32.8,24.4
2015-09-12,25.3,31.0,22.8
2015-09-13,24.28,28.0,22.2
2015-09-14,24.95,30.8,21.05
2015-09-15,25.51,30.6,23.0
2015-09-16,24.81,29.0,22.9
2015-09-17,24.25,28.3,22.8
2015-09-18,24.96,30.0,22.8
2015-09-19,25.88,31.7,23.0
2015-09-20,26.15,32.2,23.0
2015-09-21,25.71,31.7,22.0
2015-09-22,25.19,31.0,21.7
2015-09-23,25.21,30.1,22.8
2015-09-24,24.87,29.8,22.2
2015-09-25,24.59,30.6,22.0
2015-09-26,25.61,31.0,22.8
2015-09-27,25.44,29.4,23.9
2015-09-28,25.39,29.8,23.9
2015-09-29,25.31,29.4,23.8
2015-09-30,26.37,31.8,24.0
2015-10-01,25.75,31.1,24.0
2015-10-02,24.41,29.4,23.0
2015-10-03,22.43,26.4,20.0
2015-10-04,20.92,24.7,17.8
2015-10-05,21.98,27.0,18.3
2015-10-06,22.28,27.8,19.0
2015-10-07,23.02,29.4,19.4
2015-10-08,24.33,30.0,21.0
2015-10-09,25.15,30.6,22.2
2015-10-10,24.16,30.0,22.0
2015-10-11,22.46,28.0,20.0
2015-10-12,21.44,27.8,18.3
2015-10-13,23.76,29.0,17.9
2015-10-14,23.4,30.6,19.7
2015-10-15,22.7,30.0,19.0
2015-10-16,22.34,28.9,17.8
2015-10-17,21.93,28.9,17.0
2015-10-18,20.93,27.0,19.0
2015-10-19,20.69,26.1,18.0
2015-10-20,22.02,27.8,18.15
2015-10-21,22.92,28.3,19.7
2015-10-22,23.09,29.0,20.0
2015-10-23,22.97,29.0,20.0
2015-10-24,23.41,29.0,18.3
2015-10-25,24.03,29.0,20.6
2015-10-26,24.0,28.15,21.1
2015-10-27,23.8,26.0,22.0
2015-10-28,23.96,28.1,22.0
2015-10-29,22.52,28.9,20.0
2015-10-30,21.39,28.0,17.8
2015-10-31,23.78,28.9,17.8
2015-11-01,25.14,30.5,22.0
2015-11-02,25.29,31.0,23.0
2015-11-03,24.67,30.8,22.8
2015-11-04,25.26,30.6,22.2
2015-11-05,25.24,30.0,23.0
2015-11-06,24.62,30.0,22.0
2015-11-07,24.31,30.0,20.9
2015-11-08,23.8,29.9,21.7
2015-11-09,23.25,29.2,22.05
2015-11-10,21.86,28.1,20.55
2015-11-11,20.65,28.0,18.0
2015-11-12,21.48,29.4,17.0
2015-11-13,20.37,27.8,17.8
2015-11-14,18.56,25.0,13.45
2015-11-15,20.24,25.0,18.0
2015-11-16,21.79,27.2,17.6
2015-11-17,23.66,28.3,20.0
2015-11-18,24.39,28.9,22.0
2015-11-19,23.53,28.0,22.2
2015-11-20,21.62,27.0,21.0
2015-11-21,21.81,26.0,20.0
2015-11-22,19.23,23.9,16.1
2015-11-23,13.09,18.45,8.0
2015-11-24,16.7,22.0,11.0
2015-11-25,19.93,25.0,15.8
2015-11-26,20.51,26.1,17.6
2015-11-27,20.23,26.1,17.95
2015-11-28,19.43,26.1,17.0
2015-11-29,19.02,26.0,16.1
2015-11-30,20.1,26.1,16.7
2015-12-01,21.28,27.0,17.8
2015-12-02,21.86,27.8,19.0
2015-12-03,18.19,22.0,16.0
2015-12-04,17.84,23.3,16.1
2015-12-05,19.34,24.2,18.15
2015-12-06,19.1,25.25,17.5
2015-12-07,16.73,22.6,13.3
2015-12-08,16.05,23.0,11.1
2015-12-09,17.9,24.0,16.1
2015-12-10,17.96,25.0,14.4
2015-12-11,17.99,25.6,13.9
2015-12-12,19.95,27.2,15.0
2015-12-13,21.82,27.0,17.2
2015-12-14,22.09,27.8,20.6
2015-12-15,20.35,26.7,20.0
2015-12-16,21.88,28.0,19.0
2015-12-17,23.1,28.0,20.6
2015-12-18,19.26,23.3,13.0
2015-12-19,12.35,18.9,7.0
2015-12-20,17.09,23.0,9.8
2015-12-21,21.78,26.7,14.4
2015-12-22,22.27,27.2,20.6
2015-12-23,23.46,27.0,21.7
2015-12-24,23.65,28.0,21.7
2015-12-25,23.13,28.3,21.0
2015-12-26,22.8,28.0,20.0
2015-12-27,23.47,27.8,21.0
2015-12-28,23.7,28.3,20.8
2015-12-29,23.13,28.3,21.1
2015-12-30,22.91,28.9,20.0
2015-12-31,22.19,28.0,20.6
2016-01-01,19.77,27.5,18.9
2016-01-02,16.28,21.0,15.0
2016-01-03,13.64,15.0,10.0
2016-01-04,12.14,18.0,8.85
2016-01-05,13.0,19.2,9.2
2016-01-06,14.11,18.9,12.3
2016-01-07,15.01,20.6,13.0
2016-01-08,17.46,22.0,15.0
2016-01-09,18.06,22.2,15.0
2016-01-10,17.44,21.0,12.2
2016-01-11,9.14,14.4,6.0
2016-01-12,9.87,18.3,5.0
2016-01-13,10.67,16.0,7.0
2016-01-14,14.84,19.8,8.3
2016-01-15,17.96,23.0,14.35
2016-01-16,16.09,24.0,11.2
2016-01-17,15.75,20.0,10.0
2016-01-18,9.79,15.05,6.0
2016-01-19,7.66,13.0,4.4
2016-01-20,10.87,18.3,3.15
2016-01-21,15.65,21.1,8.3
2016-01-22,16.94,21.0,12.9
2016-01-23,8.72,13.0,4.6
2016-01-24,5.78,12.8,0.6
2016-01-25,12.42,19.4,2.0
2016-01-26,17.93,23.4,10.7
2016-01-27,17.93,21.0,16.7
2016-01-28,16.02,18.3,14.0
2016-01-29,13.22,18.9,8.3
2016-01-30,12.94,21.0,7.0
2016-01-31,16.95,21.7,11.1
2016-02-01,19.05,26.0,16.1
2016-02-02,20.45,27.0,16.4
2016-02-03,21.87,27.0,20.25
2016-02-04,19.02,25.6,12.5
2016-02-05,11.45,16.0,7.0
2016-02-06,12.28,15.8,8.05
2016-02-07,9.46,15.0,6.0
2016-02-08,13.54,18.1,3.95
2016-02-09,11.86,15.0,9.0
2016-02-10,8.79,14.0,2.2
2016-02-11,12.57,19.4,2.2
2016-02-12,15.67,23.0,8.9
2016-02-13,13.87,19.2,9.2
2016-02-14,14.06,20.6,6.1
2016-02-15,18.32,22.7,12.0
2016-02-16,17.58,22.8,12.8
2016-02-17,14.31,23.0,9.4
2016-02-18,14.54,22.0,10.0
2016-02-19,16.08,22.7,10.8
2016-02-20,16.77,23.9,11.0
2016-02-21,18.13,24.4,12.1
2016-02-22,19.55,25.0,14.0
2016-02-23,21.03,26.7,17.2
2016-02-24,20.67,26.1,15.0
2016-02-25,13.91,18.0,9.0
2016-02-26,11.32,17.0,6.7
2016-02-27,11.32,18.3,5.35
2016-02-28,14.54,22.0,5.6
2016-02-29,16.56,23.9,10.6
2016-03-01,18.43,25.6,11.1
2016-03-02,19.04,25.6,13.9
2016-03-03,18.67,25.0,12.0
2016-03-04,17.01,22.7,13.0
2016-03-05,15.12,22.0,10.0
2016-03-06,15.41,23.3,10.0
2016-03-07,18.2,24.0,10.0
2016-03-08,20.11,25.6,13.3
2016-03-09,21.33,26.7,17.0
2016-03-10,21.86,27.2,18.3
2016-03-11,21.42,27.0,18.0
2016-03-12,21.96,27.05,17.9
2016-03-13,22.37,27.8,19.0
2016-03-14,22.39,29.0,20.6
2016-03-15,22.31,30.0,20.0
2016-03-16,22.51,29.4,19.4
2016-03-17,21.6,27.5,19.0
2016-03-18,21.17,27.0,17.2
2016-03-19,20.8,25.0,18.0
2016-03-20,19.69,26.0,18.0
2016-03-21,13.43,18.3,8.0
2016-03-22,15.13,22.2,6.25
2016-03-23,19.8,26.0,11.1
2016-03-24,21.41,27.2,15.0
2016-03-25,20.67,25.0,17.0
2016-03-26,22.34,28.0,19.5
2016-03-27,22.93,28.55,21.65
2016-03-28,22.32,27.2,21.05
2016-03-29,20.4,25.0,17.8
2016-03-30,21.48,26.1,17.2
2016-03-31,23.59,29.0,20.0
2016-04-01,23.85,30.0,21.1
2016-04-02,22.72,26.05,20.0
2016-04-03,18.94,24.0,13.95
2016-04-04,19.34,26.1,13.6
2016-04-05,20.1,27.85,13.9
2016-04-06,20.91,25.0,16.7
2016-04-07,21.11,27.0,17.0
2016-04-08,20.79,27.9,16.0
2016-04-09,18.12,24.4,12.5
2016-04-10,19.49,25.6,11.7
2016-04-11,21.32,26.1,16.05
2016-04-12,21.85,27.8,16.1
2016-04-13,21.51,27.0,17.8
2016-04-14,21.16,27.5,18.3
2016-04-15,21.03,26.0,19.0
2016-04-16,21.33,25.6,18.9
2016-04-17,20.44,26.0,17.0
2016-04-18,19.86,26.7,15.0
2016-04-19,20.46,27.0,14.4
2016-04-20,21.31,27.0,14.1
2016-04-21,22.28,27.25,17.8
2016-04-22,21.88,28.3,18.3
2016-04-23,21.68,28.2,19.0
2016-04-24,22.58,28.9,17.0
2016-04-25,22.89,28.0,19.2
2016-04-26,22.81,28.35,17.95
2016-04-27,23.82,28.9,19.4
2016-04-28,24.38,30.0,20.0
2016-04-29,24.65,31.0,20.0
2016-04-30,24.59,30.0,21.0
2016-05-01,25.2,30.4,22.0
2016-05-02,25.2,30.0,21.7
2016-05-03,25.27,31.1,22.0
2016-05-04,21.9,25.0,19.0
2016-05-05,21.04,26.35,15.0
2016-05-06,19.07,25.0,12.2
2016-05-07,20.61,26.7,12.75
2016-05-08,22.46,28.9,14.0
2016-05-09,23.29,28.75,15.6
2016-05-10,24.18,29.0,20.0
2016-05-11,24.6,30.0,20.0
2016-05-12,24.43,29.9,20.0
2016-05-13,24.94,30.6,20.0
2016-05-14,24.73,31.0,20.0
2016-05-15,24.25,30.0,17.5
2016-05-16,24.99,31.0,19.4
2016-05-17,24.66,30.0,22.0
2016-05-18,24.88,31.0,21.7
2016-05-19,25.02,31.0,22.0
2016-05-20,23.87,30.0,21.05
2016-05-21,25.28,31.0,21.7
2016-05-22,24.95,30.0,21.7
2016-05-23,24.51,29.75,19.2
2016-05-24,25.4,30.95,18.15
2016-05-25,25.54,30.0,20.6
2016-05-26,24.65,30.0,19.7
2016-05-27,25.29,30.0,20.6
2016-05-28,25.5,30.6,21.1
2016-05-29,25.8,31.7,21.1
2016-05-30,25.98,32.0,21.4
2016-05-31,25.85,32.0,21.7
2016-06-01,26.32,32.0,21.7
2016-06-02,27.3,32.0,22.2
2016-06-03,27.3,32.55,23.15
2016-06-04,27.39,32.0,23.9
2016-06-05,26.39,31.7,23.3
2016-06-06,25.77,29.2,23.55
2016-06-07,26.61,31.7,24.4
2016-06-08,26.78,32.2,23.9
2016-06-09,26.06,31.1,23.9
2016-06-10,26.34,31.7,23.3
2016-06-11,26.86,31.1,23.9
2016-06-12,27.07,32.0,23.3
2016-06-13,28.15,33.3,24.0
2016-06-14,28.2,33.3,25.0
2016-06-15,27.88,32.8,25.0
2016-06-16,27.24,32.2,24.4
2016-06-17,27.56,32.8,24.4
2016-06-18,26.06,32.2,22.8
2016-06-19,25.98,30.6,23.3
2016-06-20,26.01,30.0,22.2
2016-06-21,26.18,30.5,20.0
2016-06-22,27.33,32.2,21.35
2016-06-23,27.97,32.8,23.8
2016-06-24,28.46,33.0,24.3
2016-06-25,28.7,33.3,25.0
2016-06-26,26.76,32.8,23.3
2016-06-27,26.97,32.2,22.8
2016-06-28,27.65,32.2,23.75
2016-06-29,27.36,32.2,23.9
2016-06-30,26.55,32.0,23.9
2016-07-01,26.79,32.2,23.9
2016-07-02,27.09,32.2,24.0
2016-07-03,28.49,33.0,24.9
2016-07-04,28.97,33.9,25.0
2016-07-05,29.33,33.9,25.6
2016-07-06,29.32,34.0,26.0
2016-07-07,29.36,34.3,25.6
2016-07-08,29.61,34.1,25.6
2016-07-09,29.03,34.4,25.5
2016-07-10,28.53,33.3,25.0
2016-07-11,28.22,33.3,24.0
2016-07-12,27.29,33.9,23.9
2016-07-13,26.77,33.15,23.9
2016-07-14,27.69,33.3,23.55
2016-07-15,27.21,33.0,23.9
2016-07-16,27.31,33.0,23.9
2016-07-17,27.76,33.0,24.4
2016-07-18,27.66,33.0,24.4
2016-07-19,27.78,33.0,24.0
2016-07-20,28.75,33.9,24.4
2016-07-21,27.61,33.3,24.4
2016-07-22,26.84,32.8,23.9
2016-07-23,27.68,32.3,23.0
2016-07-24,27.17,32.8,23.9
2016-07-25,27.86,32.8,23.9
2016-07-26,28.15,33.1,24.4
2016-07-27,28.73,33.9,25.0
2016-07-28,28.78,33.9,24.95
2016-07-29,28.23,33.3,25.0
2016-07-30,28.22,33.3,24.4
2016-07-31,27.79,33.3,24.1
2016-08-01,27.63,33.15,23.85
2016-08-02,26.92,33.0,23.9
2016-08-03,27.13,32.8,23.9
2016-08-04,26.51,32.0,24.0
2016-08-05,27.16,32.8,24.4
2016-08-06,26.78,32.0,24.0
2016-08-07,26.64,31.7,23.9
2016-08-08,25.82,30.0,23.9
2016-08-09,25.66,31.0,23.9
2016-08-10,26.68,32.2,24.0
2016-08-11,26.67,32.0,24.0
2016-08-12,27.09,32.2,24.0
2016-08-13,27.42,32.8,24.0
2016-08-14,26.99,32.2,24.6
2016-08-15,28.14,32.8,25.0
2016-08-16,27.54,32.8,25.0
2016-08-17,27.41,33.0,24.7
2016-08-18,27.62,32.8,24.25
2016-08-19,28.0,33.0,24.2
2016-08-20,28.49,33.15,24.4
2016-08-21,28.57,33.3,25.0
2016-08-22,29.2,33.9,25.0
2016-08-23,28.53,34.0,25.0
2016-08-24,27.75,32.2,25.6
2016-08-25,27.75,33.0,25.0
2016-08-26,27.57,32.8,24.4
2016-08-27,27.46,32.2,24.4
2016-08-28,27.88,33.0,25.6
2016-08-29,26.94,32.05,24.35
2016-08-30,26.12,30.6,23.9
2016-08-31,26.07,29.9,23.55
2016-09-01,26.48,30.0,23.9
2016-09-02,27.1,31.1,24.0
2016-09-03,26.12,31.0,24.0
2016-09-04,26.2,31.5,23.9
2016-09-05,25.79,31.0,23.9
2016-09-06,25.78,31.1,22.7
2016-09-07,25.87,31.8,22.8
2016-09-08,26.29,32.0,22.0
2016-09-09,27.15,32.2,23.0
2016-09-10,27.65,32.8,24.0
2016-09-11,27.48,32.2,24.0
2016-09-12,26.51,31.9,24.0
2016-09-13,26.07,30.6,23.9
2016-09-14,26.16,31.1,24.0
2016-09-15,26.86,32.0,23.5
2016-09-16,26.8,32.0,24.0
2016-09-17,26.89,32.0,24.75
2016-09-18,26.83,32.2,24.0
2016-09-19,26.53,32.2,24.0
2016-09-20,26.76,32.0,23.3
2016-09-21,26.89,32.2,24.0
2016-09-22,26.79,32.1,23.3
2016-09-23,26.67,32.2,23.0
2016-09-24,26.41,32.2,23.3
2016-09-25,26.1,32.0,22.9
2016-09-26,25.17,31.0,22.8
2016-09-27,24.87,31.0,22.0
2016-09-28,25.62,31.1,22.1
2016-09-29,25.7,31.1,22.8
2016-09-30,24.33,31.1,22.2
2016-10-01,23.97,30.7,21.7
2016-10-02,24.57,31.0,22.0
2016-10-03,24.66,30.6,22.1
2016-10-04,25.66,31.0,23.0
2016-10-05,25.71,31.1,23.0
2016-10-06,25.44,30.0,23.3
2016-10-07,25.58,28.3,23.9
2016-10-08,26.1,31.65,23.1
2016-10-09,23.92,30.1,21.1
2016-10-10,21.71,27.4,18.9
2016-10-11,22.35,27.2,19.7
2016-10-12,23.08,28.9,20.6
2016-10-13,23.5,30.0,21.0
2016-10-14,23.78,29.4,21.0
2016-10-15,24.59,29.4,21.7
2016-10-16,24.41,29.4,22.2
2016-10-17,24.16,30.0,21.1
2016-10-18,23.89,30.0,20.6
2016-10-19,23.46,29.4,19.4
2016-10-20,22.85,29.4,18.95
2016-10-21,22.37,29.0,18.6
2016-10-22,17.89,23.3,13.0
2016-10-23,17.83,25.6,11.5
2016-10-24,18.71,26.8,13.0
2016-10-25,20.68,27.8,15.0
2016-10-26,22.48,28.3,18.0
2016-10-27,22.61,27.8,19.0
2016-10-28,22.33,28.0,20.0
2016-10-29,22.77,28.1,20.0
2016-10-30,22.44,29.0,20.0
2016-10-31,21.54,29.0,17.0
2016-11-01,22.27,28.9,17.4
2016-11-02,23.09,28.89,20.0
2016-11-03,22.47,28.28,18.89
2016-11-04,21.88,29.0,17.78
2016-11-05,20.98,26.61,18.0
2016-11-06,20.91,26.72,17.0
2016-11-07,21.23,26.28,18.28
2016-11-08,20.6,26.11,16.11
2016-11-09,19.87,25.0,16.61
2016-11-10,17.84,25.0,13.89
2016-11-11,16.95,25.0,12.0
2016-11-12,17.82,25.61,12.78
2016-11-13,18.67,26.0,14.61
2016-11-14,17.85,22.22,16.11
2016-11-15,16.49,23.28,12.78
2016-11-16,16.1,24.5,11.72
2016-11-17,16.31,25.61,10.0
2016-11-18,17.25,26.0,12.78
2016-11-19,17.83,26.0,12.39
2016-11-20,13.17,19.0,7.78
2016-11-21,11.06,21.0,5.22
2016-11-22,14.7,23.22,6.11
2016-11-23,18.98,25.61,12.0
2016-11-24,19.13,27.0,14.39
2016-11-25,18.75,27.22,15.61
2016-11-26,17.46,24.39,14.39
2016-11-27,17.6,24.78,12.78
2016-11-28,21.23,25.72,15.0
2016-11-29,22.78,27.78,20.61
2016-11-30,22.69,28.0,20.0
2016-12-01,19.74,26.42,17.0
2016-12-02,16.71,22.22,13.0
2016-12-03,18.32,24.28,12.78
2016-12-04,21.77,26.72,15.61
2016-12-05,23.06,28.28,19.0
2016-12-06,23.14,28.0,18.0
2016-12-07,18.07,23.61,15.0
2016-12-08,16.22,21.0,12.78
2016-12-09,12.8,16.0,10.0
2016-12-10,13.68,21.0,8.89
2016-12-11,19.33,24.0,12.11
2016-12-12,20.3,27.0,17.78
2016-12-13,19.6,27.0,16.72
2016-12-14,19.95,26.0,17.0
2016-12-15,18.35,22.78,13.89
2016-12-16,17.81,25.0,11.0
2016-12-17,21.4,27.22,15.61
2016-12-18,22.25,28.89,20.0
2016-12-19,19.61,28.0,19.0
2016-12-20,17.01,21.5,16.72
2016-12-21,14.88,19.78,12.0
2016-12-22,16.4,24.0,11.61
2016-12-23,18.92,26.0,14.0
2016-12-24,20.02,27.0,15.0
2016-12-25,20.84,27.22,17.0
2016-12-26,21.3,27.22,18.0
2016-12-27,20.2,26.78,17.0
2016-12-28,19.95,26.86,17.0
2016-12-29,20.05,26.72,15.0
2016-12-30,11.38,15.0,6.42
2016-12-31,15.2,22.84,4.2
2017-01-01,20.55,26.72,13.89
2017-01-02,22.0,27.78,17.78
2017-01-03,22.37,27.78,20.0
2017-01-04,19.65,24.0,15.0
2017-01-05,16.19,23.0,12.0
2017-01-06,16.71,25.0,10.0
2017-01-07,13.82,22.0,5.0
2017-01-08,6.13,11.11,1.0
2017-01-09,11.04,18.28,4.3
2017-01-10,15.31,21.0,8.28
2017-01-11,17.07,23.89,12.22
2017-01-12,18.32,25.61,12.89
2017-01-13,18.62,25.3,15.0
2017-01-14,18.5,25.0,15.61
2017-01-15,18.74,25.0,14.0
2017-01-16,19.34,25.78,14.39
2017-01-17,19.16,26.0,14.39
2017-01-18,18.9,26.11,15.0
2017-01-19,18.89,25.86,15.0
2017-01-20,20.32,27.0,16.11
2017-01-21,20.81,27.78,16.72
2017-01-22,22.96,28.0,18.0
2017-01-23,17.97,21.72,15.0
2017-01-24,15.82,22.06,11.06
2017-01-25,16.63,25.0,8.0
2017-01-26,19.59,26.11,15.0
2017-01-27,14.89,18.58,11.11
2017-01-28,11.32,13.89,7.0
2017-01-29,11.02,16.11,7.22
2017-01-30,11.79,17.34,6.0
2017-01-31,13.84,21.72,5.61
2017-02-01,14.39,23.0,8.28
2017-02-02,15.62,24.39,10.0
2017-02-03,16.89,25.11,11.72
2017-02-04,15.33,22.78,12.78
2017-02-05,15.02,22.39,11.72
2017-02-06,16.59,25.61,10.61
2017-02-07,19.61,26.72,14.94
2017-02-08,21.54,27.0,15.66
2017-02-09,21.1,26.0,15.0
2017-02-10,14.81,21.72,8.59
2017-02-11,17.55,25.61,9.94
2017-02-12,18.73,26.11,13.0
2017-02-13,19.17,25.22,15.0
2017-02-14,19.41,26.0,13.94
2017-02-15,20.05,26.72,16.11
2017-02-16,15.64,20.36,8.94
2017-02-17,15.29,23.28,6.06
2017-02-18,18.79,24.0,12.22
2017-02-19,18.82,26.72,14.8
2017-02-20,18.16,27.0,12.75
2017-02-21,19.75,25.0,15.61
2017-02-22,18.89,22.78,16.72
2017-02-23,19.27,25.42,16.0
2017-02-24,19.74,27.0,17.22
2017-02-25,19.68,27.0,15.94
2017-02-26,17.34,23.89,12.39
2017-02-27,21.01,27.78,14.39
2017-02-28,21.82,28.28,17.89
2017-03-01,22.53,29.0,18.89
2017-03-02,20.17,27.22,16.11
2017-03-03,16.59,22.78,13.0
2017-03-04,16.66,23.0,10.2
2017-03-05,18.5,23.28,14.39
2017-03-06,18.93,24.39,15.39
2017-03-07,20.23,25.61,15.0
2017-03-08,20.18,26.28,15.61
2017-03-09,19.76,27.0,15.0
2017-03-10,20.1,27.78,15.61
2017-03-11,19.7,26.72,15.61
2017-03-12,18.21,25.61,16.11
2017-03-13,17.55,23.58,16.0
2017-03-14,15.46,19.5,12.11
2017-03-15,10.41,14.39,5.8
2017-03-16,10.45,17.0,3.44
2017-03-17,14.53,22.0,5.0
2017-03-18,17.8,25.0,8.59
2017-03-19,17.83,25.61,12.89
2017-03-20,17.32,24.0,9.2
2017-03-21,19.09,27.0,11.42
2017-03-22,20.33,29.28,15.61
2017-03-23,20.61,26.0,17.34
2017-03-24,20.47,25.61,16.72
2017-03-25,20.82,26.42,16.25
2017-03-26,21.35,27.11,16.11
2017-03-27,21.09,27.22,16.11
2017-03-28,21.82,28.28,16.72
2017-03-29,22.07,29.39,16.72
2017-03-30,22.58,29.0,17.78
2017-03-31,22.89,29.0,19.0
2017-04-01,21.75,29.39,17.0
2017-04-02,22.76,30.0,16.0
2017-04-03,23.93,30.0,21.72
2017-04-04,22.87,28.28,20.0
2017-04-05,24.95,30.8,20.8
2017-04-06,22.5,25.61,16.11
2017-04-07,17.1,22.39,11.11
2017-04-08,16.93,23.28,8.89
2017-04-09,19.68,26.11,10.0
2017-04-10,21.29,27.22,15.0
2017-04-11,21.55,27.22,15.0
2017-04-12,21.52,27.22,16.0
2017-04-13,21.73,27.78,17.0
2017-04-14,22.05,28.0,16.11
2017-04-15,22.79,28.0,17.78
2017-04-16,22.5,27.78,17.22
2017-04-17,22.05,28.0,16.0
2017-04-18,22.68,28.89,17.0
2017-04-19,23.21,28.89,18.28
2017-04-20,22.73,28.28,18.0
2017-04-21,22.84,28.84,16.72
2017-04-22,23.07,28.89,18.28
2017-04-23,23.17,28.0,20.0
2017-04-24,20.68,26.36,18.0
2017-04-25,21.2,27.22,14.39
2017-04-26,23.13,28.28,15.0
2017-04-27,25.46,31.39,21.0
2017-04-28,25.89,32.0,22.22
2017-04-29,25.84,30.61,23.0
2017-04-30,25.8,30.0,23.11
2017-05-01,25.39,30.61,22.11
2017-05-02,23.74,30.0,21.0
2017-05-03,23.99,30.61,18.28
2017-05-04,23.42,30.0,20.0
2017-05-05,21.15,25.0,18.28
2017-05-06,19.94,25.8,13.58
2017-05-07,21.96,28.89,13.28
2017-05-08,22.66,29.39,15.78
2017-05-09,23.64,30.94,16.0
2017-05-10,24.54,32.0,17.0
2017-05-11,25.18,32.25,18.28
2017-05-12,24.53,31.0,18.94
2017-05-13,23.84,28.89,20.94
2017-05-14,24.17,30.0,19.39
2017-05-15,25.01,31.0,19.39
2017-05-16,25.95,32.0,20.0
2017-05-17,26.43,31.72,22.0
2017-05-18,26.25,31.11,23.0
2017-05-19,26.44,31.22,23.28
2017-05-20,26.63,32.0,23.28
2017-05-21,25.67,30.61,22.0
2017-05-22,25.48,31.39,22.0
2017-05-23,26.29,31.11,22.89
2017-05-24,25.16,30.0,22.0
2017-05-25,24.05,28.89,20.0
2017-05-26,24.19,30.0,16.11
2017-05-27,25.56,32.44,17.47
2017-05-28,26.54,33.0,21.11
2017-05-29,26.95,33.0,23.0
2017-05-30,26.59,32.78,23.0
2017-05-31,26.47,32.78,22.78
2017-06-01,26.02,32.22,22.78
2017-06-02,24.65,30.0,22.22
2017-06-03,24.81,30.0,22.22
2017-06-04,25.25,29.39,22.78
2017-06-05,25.16,29.0,23.28
2017-06-06,24.19,28.28,22.22
2017-06-07,23.7,28.28,22.0
2017-06-08,24.35,29.39,22.0
2017-06-09,25.31,30.61,21.0
2017-06-10,25.64,30.61,23.0
2017-06-11,25.71,31.0,23.0
2017-06-12,25.3,30.0,23.28
2017-06-13,24.98,30.61,23.0
2017-06-14,24.72,30.61,22.22
2017-06-15,24.64,31.0,22.61
2017-06-16,24.97,30.0,22.0
2017-06-17,26.14,31.11,22.28
2017-06-18,26.3,31.72,23.28
2017-06-19,25.5,30.0,23.89
2017-06-20,26.66,31.11,24.0
2017-06-21,26.93,32.0,25.0
2017-06-22,27.41,32.11,25.0
2017-06-23,27.83,32.22,24.0
2017-06-24,27.95,32.78,25.0
2017-06-25,27.43,32.56,24.39
2017-06-26,26.58,32.0,24.0
2017-06-27,26.09,31.72,23.11
2017-06-28,26.36,31.11,23.22
2017-06-29,26.92,32.0,23.89
2017-06-30,27.13,32.78,24.72
2017-07-01,27.47,32.22,24.16
2017-07-02,28.04,33.0,24.0
2017-07-03,27.85,33.28,24.72
2017-07-04,28.03,33.28,23.94
2017-07-05,28.54,33.34,24.0
2017-07-06,28.27,33.28,24.22
2017-07-07,28.24,33.28,24.0
2017-07-08,26.68,32.22,23.89
2017-07-09,26.87,32.22,23.28
2017-07-10,26.56,32.78,23.28
2017-07-11,26.83,32.22,23.28
2017-07-12,26.59,32.22,23.28
2017-07-13,27.61,32.22,23.89
2017-07-14,27.2,32.0,24.89
2017-07-15,27.88,33.0,24.0
2017-07-16,27.13,32.5,23.89
2017-07-17,26.22,32.0,23.34
2017-07-18,26.5,32.0,23.89
2017-07-19,27.1,32.22,23.89
2017-07-20,26.9,32.78,24.28
2017-07-21,26.15,32.0,23.28
2017-07-22,26.26,32.0,23.28
2017-07-23,26.57,30.0,23.89
2017-07-24,27.8,32.0,24.39
2017-07-25,28.36,33.0,25.0
2017-07-26,27.98,33.28,25.0
2017-07-27,27.95,33.28,24.39
2017-07-28,28.59,33.89,25.0
2017-07-29,28.21,32.78,25.61
2017-07-30,26.68,31.0,24.39
2017-07-31,25.56,29.39,23.28
2017-08-01,25.91,32.0,23.28
2017-08-02,26.48,31.0,23.28
2017-08-03,26.42,32.78,23.89
2017-08-04,27.46,32.78,23.89
2017-08-05,27.48,32.22,24.61
2017-08-06,27.78,33.0,25.0
2017-08-07,28.23,33.0,25.0
2017-08-08,27.96,33.22,25.0
2017-08-09,27.91,32.89,25.0
2017-08-10,27.43,32.22,25.0
2017-08-11,26.69,32.0,24.25
2017-08-12,27.44,32.78,24.78
2017-08-13,27.81,32.5,24.56
2017-08-14,28.16,33.0,25.0
2017-08-15,28.37,33.0,25.0
2017-08-16,28.22,33.25,25.0
2017-08-17,27.86,33.28,25.0
2017-08-18,27.47,33.28,24.39
2017-08-19,28.02,33.28,23.28
2017-08-20,27.49,32.78,24.75
2017-08-21,27.69,32.78,25.0
2017-08-22,28.04,33.28,24.39
2017-08-23,27.25,33.0,24.2
2017-08-24,27.01,33.0,24.0
2017-08-25,26.55,31.72,24.0
2017-08-26,26.45,31.0,24.39
2017-08-27,26.25,31.0,24.34
2017-08-28,26.08,30.78,24.0
2017-08-29,26.23,31.06,23.89
2017-08-30,27.48,32.78,23.78
2017-08-31,27.84,33.28,24.39
2017-09-01,26.94,33.14,23.8
2017-09-02,25.37,31.0,22.78
2017-09-03,26.41,31.11,23.28
2017-09-04,27.06,32.0,23.28
2017-09-05,27.0,32.0,23.89
2017-09-06,26.17,30.0,24.0
2017-09-07,25.83,32.0,23.28
2017-09-08,26.44,32.0,24.0
2017-09-09,25.75,30.0,23.89
2017-09-10,23.63,26.11,22.22
2017-09-11,23.73,26.72,23.0
2017-09-12,25.07,30.0,22.22
2017-09-13,25.94,31.0,21.11
2017-09-14,26.46,31.72,23.34
2017-09-15,26.66,31.72,24.0
2017-09-16,26.83,31.72,24.0
2017-09-17,26.3,32.0,23.28
2017-09-18,25.66,31.72,22.78
2017-09-19,26.28,32.0,23.0
2017-09-20,26.65,32.0,22.78
2017-09-21,26.28,32.0,22.78
2017-09-22,25.8,31.72,22.78
2017-09-23,26.28,31.72,23.28
2017-09-24,26.24,31.06,23.89
2017-09-25,26.19,32.0,23.0
2017-09-26,26.15,31.72,22.78
2017-09-27,26.55,32.22,23.0
2017-09-28,26.76,32.78,22.78
2017-09-29,25.81,31.56,23.0
2017-09-30,25.46,31.11,23.0
2017-10-01,24.61,29.39,23.0
2017-10-02,25.21,29.39,23.28
2017-10-03,25.45,29.28,23.28
2017-10-04,24.84,30.0,22.61
2017-10-05,24.71,28.0,22.78
2017-10-06,26.25,31.0,23.0
2017-10-07,27.35,32.0,25.61
2017-10-08,26.83,31.72,25.14
2017-10-09,27.03,31.72,25.0
2017-10-10,26.84,31.8,24.39
2017-10-11,26.21,31.72,23.28
2017-10-12,25.57,30.61,22.78
2017-10-13,25.76,30.8,23.7
2017-10-14,25.86,30.28,23.89
2017-10-15,25.76,31.0,23.0
2017-10-16,25.19,30.8,22.11
2017-10-17,22.73,26.11,21.61
2017-10-18,22.6,27.94,21.0
2017-10-19,23.58,29.39,21.11
2017-10-20,24.12,29.39,21.72
2017-10-21,24.78,29.0,22.0
2017-10-22,25.63,30.0,23.0
2017-10-23,25.04,29.0,23.0
2017-10-24,21.64,26.72,19.0
2017-10-25,17.44,21.72,13.28
2017-10-26,15.8,22.89,11.0
2017-10-27,20.0,26.0,13.0
2017-10-28,21.22,26.11,16.0
2017-10-29,16.81,20.61,10.61
2017-10-30,12.75,20.0,8.0
2017-10-31,15.94,23.89,8.89
2017-11-01,19.18,26.11,13.39
2017-11-02,20.54,27.78,15.61
2017-11-03,20.6,27.78,17.0
2017-11-04,20.75,28.28,17.5
2017-11-05,21.05,28.0,17.89
2017-11-06,21.09,28.0,19.0
2017-11-07,20.84,28.28,18.0
2017-11-08,21.55,28.0,18.0
2017-11-09,21.03,27.5,17.78
2017-11-10,19.02,22.25,17.0
2017-11-11,21.04,27.0,16.72
2017-11-12,21.68,26.0,20.61
2017-11-13,20.78,27.0,19.11
2017-11-14,19.19,26.0,16.72
2017-11-15,17.33,24.64,14.0
2017-11-16,16.49,23.28,14.0
2017-11-17,17.54,25.0,13.0
2017-11-18,19.11,26.11,13.14
2017-11-19,18.81,25.61,12.89
2017-11-20,17.16,24.86,9.0
2017-11-21,19.31,24.39,16.86
2017-11-22,19.33,26.0,16.0
2017-11-23,19.31,23.58,19.0
2017-11-24,16.99,21.0,14.0
2017-11-25,15.62,22.78,11.11
2017-11-26,15.61,23.22,12.0
2017-11-27,16.41,24.0,11.72
2017-11-28,20.03,26.89,16.0
2017-11-29,20.42,27.0,18.14
2017-11-30,19.55,26.72,16.42
2017-12-01,19.69,26.72,15.0
2017-12-02,18.81,26.72,15.3
2017-12-03,18.2,25.66,14.39
2017-12-04,19.6,25.0,15.61
2017-12-05,20.5,27.0,16.11
2017-12-06,19.07,27.0,16.0
2017-12-07,16.65,21.11,16.11
2017-12-08,17.67,27.22,16.11
2017-12-09,11.69,17.89,6.0
2017-12-10,6.91,13.89,3.14
2017-12-11,9.42,17.22,2.7
2017-12-12,13.94,22.22,6.11
2017-12-13,10.24,16.72,5.61
2017-12-14,14.29,21.22,6.11
2017-12-15,15.29,23.89,11.22
2017-12-16,14.46,21.89,11.0
2017-12-17,18.81,25.61,11.72
2017-12-18,20.22,27.0,17.11
2017-12-19,19.94,27.0,17.22
2017-12-20,20.43,26.11,16.72
2017-12-21,19.7,26.11,16.0
2017-12-22,18.39,25.0,15.0
2017-12-23,19.5,26.11,15.61
2017-12-24,18.93,26.11,15.61
2017-12-25,15.1,20.61,12.0
2017-12-26,16.28,23.0,10.61
2017-12-27,16.24,24.0,13.0
2017-12-28,14.98,21.06,14.3
2017-12-29,12.15,15.0,10.25
2017-12-30,11.42,17.53,8.0
2017-12-31,12.96,19.44,6.72
2018-01-01,9.83,15.61,5.0
2018-01-02,8.28,12.0,4.7
2018-01-03,7.67,11.72,1.72
2018-01-04,5.11,11.0,-0.8
2018-01-05,4.99,11.86,0.0
2018-01-06,6.74,13.34,2.22
2018-01-07,11.8,18.11,4.39
2018-01-08,16.37,21.72,10.0
2018-01-09,18.1,23.28,15.0
2018-01-10,18.91,23.5,17.0
2018-01-11,19.69,25.0,17.0
2018-01-12,19.86,24.39,16.11
2018-01-13,11.83,16.42,6.06
2018-01-14,8.25,15.0,2.5
2018-01-15,9.98,17.61,6.0
2018-01-16,11.94,21.0,7.0
2018-01-17,8.5,19.7,3.58
2018-01-18,3.79,10.72,-3.0
2018-01-19,8.43,17.0,1.72
2018-01-20,13.37,19.39,5.61
2018-01-21,16.04,24.0,12.22
2018-01-22,19.2,25.61,13.0
2018-01-23,19.61,25.0,14.39
2018-01-24,13.96,20.0,9.39
2018-01-25,13.61,19.72,10.0
2018-01-26,17.33,22.78,10.0
2018-01-27,19.07,23.89,15.0
2018-01-28,20.14,25.0,16.72
2018-01-29,19.23,21.11,13.28
2018-01-30,11.38,16.0,7.22
2018-01-31,12.64,20.0,6.11
2018-02-01,16.26,22.22,9.0
2018-02-02,16.17,23.0,11.11
2018-02-03,15.84,20.0,12.0
2018-02-04,19.45,23.78,14.0
2018-02-05,16.62,22.22,11.11
2018-02-06,18.79,25.61,11.0
2018-02-07,20.65,26.72,17.0
2018-02-08,18.67,25.0,15.61
2018-02-09,19.78,26.28,15.78
2018-02-10,21.09,27.22,17.0
2018-02-11,22.07,28.0,18.89
2018-02-12,21.5,27.78,19.5
2018-02-13,20.24,26.72,17.0
2018-02-14,18.69,24.66,16.86
2018-02-15,19.09,26.61,16.72
2018-02-16,20.25,27.0,16.72
2018-02-17,20.01,27.0,16.11
2018-02-18,20.4,27.22,16.0
2018-02-19,21.72,27.78,17.78
2018-02-20,23.37,28.28,20.0
2018-02-21,23.03,28.28,20.78
2018-02-22,22.26,28.0,18.89
2018-02-23,21.88,28.0,18.0
2018-02-24,21.88,27.78,18.0
2018-02-25,22.34,28.0,18.0
2018-02-26,22.0,28.28,18.28
2018-02-27,20.56,26.75,17.0
2018-02-28,21.86,27.0,16.0
2018-03-01,23.19,28.28,18.28
2018-03-02,20.3,26.06,15.0
2018-03-03,15.17,23.5,9.0
2018-03-04,14.35,22.0,8.89
2018-03-05,15.98,23.0,8.89
2018-03-06,20.09,25.0,10.3
2018-03-07,18.03,22.11,12.53
2018-03-08,11.89,16.66,7.0
2018-03-09,12.31,20.0,4.39
2018-03-10,17.15,22.0,7.22
2018-03-11,20.26,26.72,15.0
2018-03-12,18.61,22.0,11.72
2018-03-13,11.52,18.0,6.0
2018-03-14,12.09,18.94,6.42
2018-03-15,12.81,20.61,3.94
2018-03-16,16.19,24.0,5.0
2018-03-17,18.81,26.11,10.61
2018-03-18,20.87,28.0,15.0
2018-03-19,21.25,26.11,17.89
2018-03-20,22.11,27.0,17.78
2018-03-21,16.89,20.0,12.22
2018-03-22,13.02,19.39,7.94
2018-03-23,14.6,22.0,6.72
2018-03-24,18.31,25.0,9.11
2018-03-25,19.97,26.72,14.39
2018-03-26,19.22,24.86,15.61
2018-03-27,19.37,25.0,15.8
2018-03-28,20.07,26.0,14.39
2018-03-29,21.87,27.22,17.22
2018-03-30,21.28,27.22,17.5
2018-03-31,19.48,24.0,17.22
2018-04-01,19.81,27.11,17.0
2018-04-02,20.85,27.78,17.22
2018-04-03,22.34,28.89,18.0
2018-04-04,22.08,28.28,17.78
2018-04-05,19.16,26.0,16.11
2018-04-06,21.73,27.78,14.72
2018-04-07,21.89,28.28,18.0
2018-04-08,19.85,24.0,17.22
2018-04-09,22.42,29.0,19.0
2018-04-10,20.34,25.0,18.0
2018-04-11,18.32,24.39,15.0
2018-04-12,20.23,26.11,12.78
2018-04-13,22.47,27.78,17.22
2018-04-14,23.87,29.0,18.28
2018-04-15,22.55,29.39,17.0
2018-04-16,16.9,21.39,12.78
2018-04-17,17.58,25.0,10.0
2018-04-18,20.96,28.58,11.72
2018-04-19,22.07,28.28,16.11
2018-04-20,20.48,26.8,16.11
2018-04-21,22.53,27.22,18.14
2018-04-22,22.75,26.72,20.61
2018-04-23,23.1,28.28,21.0
2018-04-24,22.14,27.0,18.28
2018-04-25,21.27,27.0,16.0
2018-04-26,21.76,27.22,14.5
2018-04-27,21.38,28.0,16.86
2018-04-28,21.19,27.78,15.61
2018-04-29,22.18,28.89,16.0
2018-04-30,22.24,28.0,17.0
2018-05-01,22.4,28.0,16.72
2018-05-02,22.84,28.28,16.72
2018-05-03,23.11,28.58,17.5
2018-05-04,23.25,29.0,17.89
2018-05-05,23.22,29.0,18.14
2018-05-06,23.6,29.7,21.0
2018-05-07,24.05,31.0,19.39
2018-05-08,24.23,30.0,17.0
2018-05-09,24.88,30.0,17.16
2018-05-10,24.33,30.06,17.3
2018-05-11,25.24,32.56,18.28
2018-05-12,24.75,28.64,20.0
2018-05-13,23.84,28.2,20.25
2018-05-14,22.99,25.61,21.0
2018-05-15,23.57,29.0,21.11
2018-05-16,23.95,29.0,21.11
2018-05-17,23.4,28.28,21.42
2018-05-18,24.54,29.39,21.11
2018-05-19,23.81,29.0,21.11
2018-05-20,23.23,26.72,21.11
2018-05-21,23.78,27.22,21.72
2018-05-22,24.23,28.22,22.22
2018-05-23,25.17,30.0,21.11
2018-05-24,25.22,30.61,21.94
2018-05-25,24.62,29.61,22.22
2018-05-26,24.09,28.14,21.11
2018-05-27,24.44,27.89,22.22
2018-05-28,25.15,29.0,23.28
2018-05-29,25.41,29.22,23.28
2018-05-30,24.97,28.14,23.0
2018-05-31,25.13,30.0,22.61
2018-06-01,25.96,30.61,22.28
2018-06-02,26.36,31.72,23.0
2018-06-03,27.24,32.25,24.0
2018-06-04,27.41,32.78,25.0
2018-06-05,26.17,31.11,23.89
2018-06-06,25.03,29.22,22.22
2018-06-07,25.26,31.0,21.5
2018-06-08,24.86,30.72,21.72
2018-06-09,25.44,31.0,21.72
2018-06-10,25.45,31.0,21.72
2018-06-11,24.96,30.61,22.0
2018-06-12,25.31,30.61,22.0
2018-06-13,25.95,31.11,22.22
2018-06-14,25.93,31.11,22.39
2018-06-15,25.88,31.72,22.78
2018-06-16,26.4,31.72,23.0
2018-06-17,27.23,32.22,23.28
2018-06-18,27.72,32.78,24.0
2018-06-19,27.61,33.0,23.28
2018-06-20,27.68,33.0,24.0
2018-06-21,27.61,33.0,25.0
2018-06-22,27.81,33.0,25.0
2018-06-23,27.91,33.0,24.39
2018-06-24,27.37,33.0,24.0
2018-06-25,27.6,33.0,23.89
2018-06-26,27.13,32.78,23.89
2018-06-27,27.36,32.22,23.34
2018-06-28,26.13,32.78,23.28
2018-06-29,25.97,31.72,23.0
2018-06-30,25.62,31.0,23.28
2018-07-01,26.51,31.72,23.28
2018-07-02,27.07,32.22,23.78
2018-07-03,26.77,32.0,23.89
2018-07-04,25.95,31.61,23.0
2018-07-05,25.97,31.72,22.78
2018-07-06,25.7,31.11,22.78
2018-07-07,26.1,31.11,22.36
2018-07-08,26.86,31.72,22.78
2018-07-09,27.27,32.16,23.5
2018-07-10,27.46,32.22,23.53
2018-07-11,27.69,32.78,23.28
2018-07-12,27.66,32.78,23.5
2018-07-13,27.9,33.28,23.89
2018-07-14,27.91,32.78,24.0
2018-07-15,27.98,32.78,24.39
2018-07-16,27.67,33.0,24.39
2018-07-17,27.67,32.78,24.39
2018-07-18,27.2,32.22,24.39
2018-07-19,27.44,32.0,24.39
2018-07-20,26.78,31.42,24.39
2018-07-21,27.62,32.89,25.0
2018-07-22,27.3,32.78,23.28
2018-07-23,26.58,32.22,22.64
2018-07-24,26.61,31.72,23.28
2018-07-25,27.46,32.22,24.0
2018-07-26,27.63,32.22,25.0
2018-07-27,27.22,32.3,24.3
2018-07-28,26.51,32.78,23.89
2018-07-29,26.23,31.56,23.89
2018-07-30,25.86,31.11,23.39
2018-07-31,26.18,31.11,23.5
2018-08-01,26.3,31.72,23.28
2018-08-02,26.11,32.22,23.0
2018-08-03,26.9,32.0,23.0
2018-08-04,27.71,32.39,24.39
2018-08-05,27.86,32.78,24.39
2018-08-06,27.66,32.89,23.89
2018-08-07,27.65,32.78,23.89
2018-08-08,27.9,33.0,24.0
2018-08-09,27.07,33.0,23.89
2018-08-10,26.84,32.22,23.89
2018-08-11,26.72,31.72,23.89
2018-08-12,26.84,32.22,23.89
2018-08-13,26.67,32.22,23.89
2018-08-14,26.57,32.0,23.28
2018-08-15,26.77,32.22,23.28
2018-08-16,26.92,32.78,23.89
2018-08-17,27.26,32.58,23.89
2018-08-18,27.25,32.53,23.89
2018-08-19,26.62,32.78,23.39
2018-08-20,26.85,32.28,23.0
2018-08-21,27.43,32.22,23.94
2018-08-22,27.19,32.22,24.39
2018-08-23,26.94,32.22,23.89
2018-08-24,26.61,32.16,23.34
2018-08-25,26.07,32.22,23.28
2018-08-26,26.89,32.22,23.28
2018-08-27,27.02,32.61,23.89
2018-08-28,25.66,32.22,23.28
2018-08-29,25.35,31.11,22.94
2018-08-30,25.61,31.06,22.84
2018-08-31,26.35,32.0,23.89
2018-09-01,27.01,32.0,24.0
2018-09-02,25.92,31.11,23.89
2018-09-03,25.1,30.61,23.5
2018-09-04,26.62,31.11,24.39
2018-09-05,26.91,32.0,25.0
2018-09-06,26.44,31.72,23.89
2018-09-07,25.96,31.11,23.28
2018-09-08,25.85,31.0,23.0
2018-09-09,26.22,31.11,22.94
2018-09-10,26.51,31.11,23.56
2018-09-11,27.38,32.0,23.89
2018-09-12,27.22,32.78,24.0
2018-09-13,26.96,32.78,24.0
2018-09-14,27.86,33.28,23.89
2018-09-15,28.42,33.28,25.61
2018-09-16,28.57,33.0,25.61
2018-09-17,27.98,33.0,25.0
2018-09-18,27.73,32.78,25.0
2018-09-19,27.19,33.28,24.0
2018-09-20,27.51,33.0,23.89
2018-09-21,26.91,32.22,24.0
2018-09-22,26.78,32.0,23.89
2018-09-23,26.64,32.0,23.89
2018-09-24,26.77,32.22,24.0
2018-09-25,27.1,32.22,24.0
2018-09-26,27.0,32.25,23.94
2018-09-27,27.35,32.78,23.89
2018-09-28,27.07,32.22,23.89
2018-09-29,27.02,32.5,23.89
2018-09-30,26.84,32.22,23.89
2018-10-01,26.56,31.72,23.89
2018-10-02,26.45,31.72,24.0
2018-10-03,26.16,31.72,22.94
2018-10-04,26.03,31.2,23.0
2018-10-05,26.16,31.72,22.22
2018-10-06,25.81,31.72,22.22
2018-10-07,26.19,31.11,22.78
2018-10-08,26.3,30.0,23.84
2018-10-09,26.9,31.0,24.39
2018-10-10,27.0,30.61,25.61
2018-10-11,26.76,31.72,25.0
2018-10-12,24.22,30.61,22.0
2018-10-13,23.43,30.0,19.0
2018-10-14,26.41,31.5,21.0
2018-10-15,26.71,32.0,23.89
2018-10-16,26.9,32.0,23.89
2018-10-17,26.69,32.0,23.14
2018-10-18,25.78,31.11,22.58
2018-10-19,25.48,30.61,22.78
2018-10-20,25.1,31.11,21.72
2018-10-21,22.49,26.72,20.0
2018-10-22,22.35,28.0,18.28
2018-10-23,22.72,28.89,18.89
2018-10-24,22.5,28.0,20.61
2018-10-25,22.7,28.0,19.39
2018-10-26,23.84,29.0,21.0
2018-10-27,20.28,24.2,17.11
2018-10-28,18.21,24.44,12.78
2018-10-29,19.94,28.0,13.14
2018-10-30,20.31,28.28,16.0
2018-10-31,22.04,28.28,16.11
2018-11-01,23.33,28.89,17.78
2018-11-02,21.7,28.0,18.94
2018-11-03,18.31,22.22,13.0
2018-11-04,22.32,27.39,17.22
2018-11-05,23.95,28.28,21.11
2018-11-06,24.1,29.39,21.11
2018-11-07,23.85,29.39,20.61
2018-11-08,23.76,29.5,21.0
2018-11-09,23.65,29.39,20.61
2018-11-10,20.82,27.0,19.39
2018-11-11,21.68,28.25,17.11
2018-11-12,23.6,29.0,20.8
2018-11-13,22.8,29.89,21.0
2018-11-14,21.09,28.89,21.0
2018-11-15,17.07,23.28,12.89
2018-11-16,11.65,17.58,7.11
2018-11-17,15.79,23.0,8.59
2018-11-18,18.88,26.0,15.0
2018-11-19,19.84,26.11,17.0
2018-11-20,19.45,25.0,16.72
2018-11-21,16.06,22.89,14.0
2018-11-22,16.64,22.22,12.0
2018-11-23,18.44,26.11,16.0
2018-11-24,20.74,27.22,17.78
2018-11-25,19.32,25.0,16.0
2018-11-26,19.5,27.5,15.11
2018-11-27,12.47,17.11,8.0
2018-11-28,8.43,13.28,3.14
2018-11-29,12.66,17.89,5.8
2018-11-30,18.69,24.39,10.94
2018-12-01,22.03,26.72,18.28
2018-12-02,23.95,28.89,21.0
2018-12-03,22.62,28.28,20.89
2018-12-04,18.51,23.0,15.0
2018-12-05,11.8,16.5,7.0
2018-12-06,11.57,20.0,5.0
2018-12-07,15.02,23.0,10.0
2018-12-08,18.92,25.0,13.0
2018-12-09,19.2,22.78,17.0
2018-12-10,12.51,16.0,7.28
2018-12-11,9.14,13.89,5.0
2018-12-12,11.96,18.78,3.89
2018-12-13,18.73,23.0,12.22
2018-12-14,20.83,23.0,17.78
2018-12-15,18.16,20.61,15.0
2018-12-16,15.65,20.61,12.0
2018-12-17,12.53,18.61,8.89
2018-12-18,11.98,20.78,7.22
2018-12-19,17.04,22.0,9.39
2018-12-20,18.34,20.0,16.72
2018-12-21,14.99,18.0,11.11
2018-12-22,11.06,16.11,6.0
2018-12-23,11.6,19.39,5.0
2018-12-24,13.58,21.3,7.22
2018-12-25,14.88,22.0,10.0
2018-12-26,17.52,23.94,13.0
2018-12-27,21.59,25.8,16.42
2018-12-28,22.23,27.22,20.61
2018-12-29,20.9,27.0,18.0
2018-12-30,20.8,27.22,18.78
2018-12-31,21.4,27.22,18.72
2019-01-01,20.68,27.22,18.0
2019-01-02,20.38,27.06,17.78
2019-01-03,21.24,27.0,17.78
2019-01-04,20.43,27.0,17.0
2019-01-05,16.08,20.0,11.0
2019-01-06,13.27,21.72,8.14
2019-01-07,16.03,25.0,10.0
2019-01-08,16.7,25.0,12.0
2019-01-09,15.76,21.72,10.8
2019-01-10,9.59,15.56,5.3
2019-01-11,13.94,21.61,6.0
2019-01-12,18.37,24.39,12.22
2019-01-13,18.3,25.61,13.14
2019-01-14,13.86,18.0,10.0
2019-01-15,10.76,14.25,8.06
2019-01-16,9.3,15.61,5.56
2019-01-17,13.11,21.42,5.0
2019-01-18,15.39,22.78,10.0
2019-01-19,19.79,25.0,11.11
2019-01-20,14.39,20.0,6.61
2019-01-21,9.14,16.11,2.78
2019-01-22,16.63,22.89,7.89
2019-01-23,21.06,25.0,15.0
2019-01-24,18.03,22.78,12.78
2019-01-25,10.58,16.0,6.0
2019-01-26,11.3,16.0,8.0
2019-01-27,11.95,12.78,8.89
2019-01-28,9.4,15.61,6.11
2019-01-29,11.84,18.0,4.0
2019-01-30,9.94,12.89,6.8
2019-01-31,13.19,17.0,6.3
2019-02-01,17.05,23.0,12.22
2019-02-02,18.31,24.2,16.0
2019-02-03,17.51,22.0,15.0
2019-02-04,16.62,21.06,13.0
2019-02-05,16.4,24.5,12.89
2019-02-06,18.03,26.0,12.5
2019-02-07,18.9,26.47,13.94
2019-02-08,18.68,26.34,13.84
2019-02-09,17.62,23.58,14.0
2019-02-10,19.07,22.5,17.0
2019-02-11,20.18,26.72,16.42
2019-02-12,21.61,28.0,18.89
2019-02-13,14.77,19.89,10.0
2019-02-14,15.49,23.0,7.0
2019-02-15,17.65,24.39,11.86
2019-02-16,19.88,25.78,13.89
2019-02-17,21.44,28.0,17.0
2019-02-18,21.59,29.0,18.28
2019-02-19,20.82,28.28,17.84
2019-02-20,22.11,28.0,19.2
2019-02-21,22.58,28.5,19.39
2019-02-22,22.76,29.0,19.0
2019-02-23,23.28,29.39,20.61
2019-02-24,22.91,28.89,20.0
2019-02-25,18.53,23.5,15.0
2019-02-26,19.49,22.22,15.61
2019-02-27,19.63,25.61,16.0
2019-02-28,19.22,24.39,16.11
2019-03-01,19.93,27.22,16.72
2019-03-02,20.75,27.11,17.0
2019-03-03,21.73,28.28,17.22
2019-03-04,19.03,26.11,16.0
2019-03-05,13.18,16.11,10.0
2019-03-06,9.18,15.3,4.5
2019-03-07,14.36,21.42,5.0
2019-03-08,18.37,25.0,11.11
2019-03-09,20.82,27.0,15.0
2019-03-10,22.48,28.28,18.0
2019-03-11,21.81,28.28,17.78
2019-03-12,20.28,25.0,17.22
2019-03-13,20.9,26.11,16.39
2019-03-14,21.95,27.0,18.28
2019-03-15,22.71,28.0,17.22
2019-03-16,19.6,25.0,17.0
2019-03-17,17.05,21.06,15.14
2019-03-18,16.87,21.0,14.5
2019-03-19,15.57,19.0,12.78
2019-03-20,16.46,22.0,14.2
2019-03-21,16.73,23.0,12.0
2019-03-22,15.97,23.28,9.44
2019-03-23,16.34,25.0,7.78
2019-03-24,19.15,26.11,12.22
2019-03-25,20.16,27.22,15.0
2019-03-26,19.45,26.0,16.0
2019-03-27,16.93,22.78,13.89
2019-03-28,18.1,25.0,14.0
2019-03-29,19.25,26.0,14.0
2019-03-30,20.21,26.72,14.39
2019-03-31,20.48,27.28,15.0
2019-04-01,17.96,21.11,15.61
2019-04-02,17.65,23.28,14.0
2019-04-03,18.92,24.8,12.5
2019-04-04,21.13,26.11,15.0
2019-04-05,21.86,27.78,18.28
2019-04-06,22.74,29.0,18.61
2019-04-07,23.24,29.39,19.39
2019-04-08,23.08,29.39,20.0
2019-04-09,22.95,28.0,21.0
2019-04-10,22.1,27.78,18.28
2019-04-11,22.49,28.89,17.22
2019-04-12,24.04,30.0,19.39
2019-04-13,24.77,30.0,21.78
2019-04-14,24.69,30.44,21.72
2019-04-15,20.93,25.0,16.11
2019-04-16,20.6,27.66,12.78
2019-04-17,22.43,28.0,15.0
2019-04-18,24.74,30.0,18.28
2019-04-19,22.78,28.28,17.5
2019-04-20,18.42,22.22,13.28
2019-04-21,18.6,24.89,11.11
2019-04-22,20.15,27.0,11.36
2019-04-23,21.4,28.0,13.28
2019-04-24,21.74,28.14,15.61
2019-04-25,22.93,28.28,16.11
2019-04-26,22.75,28.28,20.0
2019-04-27,21.46,28.28,16.0
2019-04-28,23.05,29.39,15.8
2019-04-29,23.59,30.0,17.0
2019-04-30,24.23,30.0,20.25
2019-05-01,24.06,29.3,21.0
2019-05-02,23.81,29.0,21.86
2019-05-03,24.31,29.5,22.0
2019-05-04,24.88,31.0,21.0
2019-05-05,24.05,29.39,21.11
2019-05-06,24.2,30.0,21.11
2019-05-07,24.84,31.11,20.0
2019-05-08,25.13,30.61,21.0
2019-05-09,24.94,30.0,21.11
2019-05-10,25.24,30.61,21.72
2019-05-11,25.9,30.61,21.72
2019-05-12,25.56,31.72,22.0
2019-05-13,24.77,29.0,21.72
2019-05-14,23.99,28.0,20.61
2019-05-15,23.6,28.39,20.0
2019-05-16,24.44,29.7,18.64
2019-05-17,25.06,30.61,18.28
2019-05-18,24.68,30.72,19.0
2019-05-19,25.42,31.11,19.39
2019-05-20,25.95,31.72,21.72
2019-05-21,26.24,31.72,21.78
2019-05-22,26.35,31.72,22.0
2019-05-23,26.32,31.47,22.22
2019-05-24,26.04,31.72,20.0
2019-05-25,26.72,33.11,20.61
2019-05-26,27.56,33.89,22.11
2019-05-27,27.78,33.7,22.22
2019-05-28,27.25,34.0,23.0
2019-05-29,27.05,33.14,22.0
2019-05-30,27.42,32.78,22.47
2019-05-31,27.9,33.0,23.89
2019-06-01,27.4,33.28,23.89
2019-06-02,28.02,33.28,23.2
2019-06-03,28.52,33.89,24.0
2019-06-04,28.13,34.0,23.89
2019-06-05,27.39,32.78,23.89
2019-06-06,26.83,32.22,23.89
2019-06-07,26.99,32.22,24.39
2019-06-08,26.2,31.72,23.39
2019-06-09,25.24,31.16,23.0
2019-06-10,25.68,31.72,22.78
2019-06-11,26.48,31.72,23.0
2019-06-12,26.23,31.72,23.0
2019-06-13,25.41,30.61,22.78
2019-06-14,25.92,30.61,22.22
2019-06-15,26.39,31.11,22.78
2019-06-16,25.62,30.66,22.78
2019-06-17,25.82,30.61,23.0
2019-06-18,25.79,31.11,23.28
2019-06-19,25.81,31.72,23.0
2019-06-20,28.45,32.78,24.39
2019-06-21,29.17,34.0,26.0
2019-06-22,28.75,33.28,25.0
2019-06-23,28.35,33.89,24.78
2019-06-24,28.86,33.89,24.94
2019-06-25,28.94,35.0,24.89
2019-06-26,28.81,34.56,24.0
2019-06-27,28.15,33.39,23.28
2019-06-28,26.7,32.89,22.94
2019-06-29,25.71,31.0,23.0
2019-06-30,26.9,31.86,23.14
2019-07-01,28.84,33.89,23.94
2019-07-02,28.84,34.39,25.39
2019-07-03,28.23,34.0,25.0
2019-07-04,28.0,34.0,24.39
2019-07-05,27.43,33.28,24.78
2019-07-06,26.39,32.0,23.84
2019-07-07,26.49,31.72,24.0
2019-07-08,26.26,32.0,23.34
2019-07-09,26.25,32.0,24.0
2019-07-10,27.13,32.0,24.0
2019-07-11,26.71,32.0,24.0
2019-07-12,26.07,31.72,23.0
2019-07-13,27.73,32.22,23.28
2019-07-14,28.74,33.89,25.0
2019-07-15,28.21,33.89,24.72
2019-07-16,28.25,33.89,24.72
2019-07-17,27.33,33.61,23.89
2019-07-18,27.83,32.78,23.89
2019-07-19,27.03,32.78,23.28
2019-07-20,26.15,32.78,23.0
2019-07-21,25.79,32.22,22.78
2019-07-22,26.8,32.0,22.78
2019-07-23,26.28,31.61,23.22
2019-07-24,26.01,30.39,23.28
2019-07-25,25.53,30.0,22.78
2019-07-26,25.6,31.0,23.0
2019-07-27,26.65,32.0,22.78
2019-07-28,27.16,32.36,23.34
2019-07-29,27.56,32.78,23.28
2019-07-30,27.35,33.0,23.28
2019-07-31,27.05,33.0,22.78
2019-08-01,25.92,32.0,23.0
2019-08-02,25.71,31.11,23.28
2019-08-03,26.45,31.86,23.89
2019-08-04,27.17,32.78,24.0
2019-08-05,26.36,31.72,23.89
2019-08-06,26.7,32.0,23.89
2019-08-07,26.61,32.0,24.0
2019-08-08,27.64,33.0,24.39
2019-08-09,28.05,33.28,25.0
2019-08-10,28.23,33.28,25.42
2019-08-11,27.66,33.28,25.0
2019-08-12,27.67,32.78,25.0
2019-08-13,27.5,32.78,25.0
2019-08-14,27.22,32.39,25.0
2019-08-15,26.23,32.22,24.0
2019-08-16,26.54,31.0,24.0
2019-08-17,26.44,31.11,23.89
2019-08-18,26.88,32.22,24.0
2019-08-19,27.07,32.0,24.0
2019-08-20,26.87,32.0,24.0
2019-08-21,27.51,32.22,24.11
2019-08-22,27.67,32.22,24.28
2019-08-23,27.73,32.0,24.61
2019-08-24,28.14,33.28,25.0
2019-08-25,27.91,32.78,25.0
2019-08-26,26.73,32.22,24.0
2019-08-27,26.89,32.0,23.89
2019-08-28,27.64,32.89,24.25
2019-08-29,28.03,33.58,24.44
2019-08-30,26.76,32.0,24.39
2019-08-31,27.51,32.0,25.0
2019-09-01,27.26,32.78,25.0
2019-09-02,27.28,31.72,25.0
2019-09-03,27.35,32.0,24.39
2019-09-04,28.04,32.22,24.0
2019-09-05,29.27,34.78,26.11
2019-09-06,28.46,33.89,25.3
2019-09-07,27.84,33.28,22.22
2019-09-08,28.34,34.0,23.89
2019-09-09,28.32,33.89,25.0
2019-09-10,27.97,33.28,24.0
2019-09-11,27.68,33.0,24.39
2019-09-12,27.51,33.0,24.11
2019-09-13,27.12,32.0,25.0
2019-09-14,27.29,32.22,24.39
2019-09-15,27.12,32.42,24.5
2019-09-16,27.6,33.0,24.39
2019-09-17,27.71,34.0,23.14
2019-09-18,27.46,32.78,23.89
2019-09-19,25.82,30.61,23.28
2019-09-20,25.52,30.61,22.22
2019-09-21,25.73,30.8,22.11
2019-09-22,25.44,31.0,22.0
2019-09-23,25.31,31.0,21.0
2019-09-24,26.08,32.0,20.0
2019-09-25,26.76,33.0,21.72
2019-09-26,26.99,32.78,22.78
2019-09-27,26.98,32.78,22.84
2019-09-28,27.17,32.22,23.0
2019-09-29,26.86,32.0,23.0
2019-09-30,27.07,32.28,23.39
2019-10-01,26.63,32.0,23.78
2019-10-02,26.34,31.72,22.94
2019-10-03,26.02,32.0,22.0
2019-10-04,26.37,32.22,21.72
2019-10-05,26.28,32.0,22.84
2019-10-06,26.11,31.0,23.28
2019-10-07,25.02,29.44,23.0
2019-10-08,25.25,30.61,23.0
2019-10-09,24.73,28.89,23.0
2019-10-10,24.79,30.61,22.89
2019-10-11,24.4,30.14,21.75
2019-10-12,24.49,29.39,20.0
2019-10-13,24.85,30.0,19.61
2019-10-14,25.07,30.61,20.8
2019-10-15,25.34,30.0,22.22
2019-10-16,25.54,31.11,22.5
2019-10-17,22.67,27.78,21.0
2019-10-18,22.28,25.0,18.89
2019-10-19,24.5,28.89,22.78
2019-10-20,24.48,30.11,22.89
2019-10-21,25.3,30.0,22.0
2019-10-22,25.47,31.11,23.0
2019-10-23,21.9,27.78,19.0
2019-10-24,25.1,30.0,21.11
2019-10-25,25.67,30.0,23.89
2019-10-26,25.54,30.0,23.28
2019-10-27,24.75,30.61,23.28
2019-10-28,25.38,31.0,22.22
2019-10-29,25.52,31.0,23.0
2019-10-30,26.03,31.0,23.89
2019-10-31,25.7,31.11,22.78
2019-11-01,19.55,26.0,20.0
2019-11-02,20.07,27.78,19.0
2019-11-03,19.38,26.0,18.0
2019-11-04,23.22,28.22,20.0
2019-11-05,23.54,28.28,21.0
2019-11-06,23.4,28.28,21.11
2019-11-07,23.98,29.89,21.11
2019-11-08,21.38,26.89,19.0
2019-11-09,17.56,24.0,15.0
2019-11-10,17.13,25.42,13.0
2019-11-11,20.65,27.0,15.0
2019-11-12,18.38,28.0,15.0
2019-11-13,15.05,20.0,12.0
2019-11-14,18.28,24.39,16.61
2019-11-15,17.64,22.0,15.0
2019-11-16,14.23,18.28,10.8
2019-11-17,12.4,16.0,10.0
2019-11-18,13.99,22.22,11.0
2019-11-19,14.52,21.28,10.0
2019-11-20,14.16,23.0,8.89
2019-11-21,16.57,24.72,10.0
2019-11-22,17.88,25.0,13.0
2019-11-23,19.98,26.11,13.0
2019-11-24,17.12,21.72,10.61
2019-11-25,12.23,20.0,8.0
2019-11-26,15.92,23.0,8.59
2019-11-27,18.78,26.11,12.22
2019-11-28,18.49,26.72,13.3
2019-11-29,17.21,26.0,12.22
2019-11-30,19.21,26.11,13.0
2019-12-01,22.14,27.22,16.11
2019-12-02,15.8,22.78,7.89
2019-12-03,9.13,15.2,3.94
2019-12-04,11.8,19.0,6.16
2019-12-05,11.91,20.28,6.86
2019-12-06,14.9,23.11,8.2
2019-12-07,16.84,24.0,11.0
2019-12-08,19.17,26.11,15.0
2019-12-09,19.68,26.72,15.3
2019-12-10,21.5,28.25,16.0
2019-12-11,18.24,26.0,17.0
2019-12-12,18.52,24.0,17.89
2019-12-13,19.15,22.78,18.89
2019-12-14,18.99,23.28,12.22
2019-12-15,16.41,23.89,10.0
2019-12-16,21.37,27.0,15.0
2019-12-17,22.14,28.0,19.78
2019-12-18,13.46,19.5,9.0
2019-12-19,13.25,20.0,6.72
2019-12-20,17.23,23.0,12.78
2019-12-21,18.07,23.0,17.0
2019-12-22,19.42,22.0,18.0
2019-12-23,17.26,22.0,14.0
2019-12-24,16.18,19.7,13.0
2019-12-25,18.17,24.39,16.0
2019-12-26,19.61,25.61,16.72
2019-12-27,21.02,25.0,18.0
2019-12-28,21.73,25.0,20.0
2019-12-29,22.47,26.11,21.0
2019-12-30,21.72,25.78,19.39
2019-12-31,15.03,19.0,11.0
2020-01-01,13.97,20.0,9.39
2020-01-02,20.72,26.0,12.78
2020-01-03,22.94,28.28,19.39
2020-01-04,20.79,24.39,15.3
2020-01-05,11.27,16.72,6.94
2020-01-06,11.95,20.0,5.0
2020-01-07,14.47,22.0,7.0
2020-01-08,12.64,19.39,8.0
2020-01-09,18.63,24.7,10.0
2020-01-10,21.34,26.0,17.7
2020-01-11,22.77,27.5,20.0
2020-01-12,22.28,27.25,19.44
2020-01-13,21.85,27.28,19.0
2020-01-14,21.13,27.11,17.22
2020-01-15,21.12,27.0,18.0
2020-01-16,20.69,27.0,16.72
2020-01-17,19.5,24.72,17.22
2020-01-18,19.35,25.0,16.0
2020-01-19,19.43,24.06,15.3
2020-01-20,11.86,16.72,7.0
2020-01-21,6.91,12.0,3.89
2020-01-22,10.3,14.39,1.11
2020-01-23,15.32,21.0,11.0
2020-01-24,17.43,23.89,15.0
2020-01-25,14.67,20.0,9.0
2020-01-26,12.71,18.89,6.11
2020-01-27,15.02,20.0,11.72
2020-01-28,13.08,20.0,10.11
2020-01-29,14.79,20.61,8.5
2020-01-30,15.0,19.0,12.22
2020-01-31,16.3,21.25,13.0
2020-02-01,14.77,17.36,11.86
2020-02-02,12.05,18.0,7.22
2020-02-03,13.47,22.22,6.0
2020-02-04,16.99,23.89,10.0
2020-02-05,21.33,26.11,15.0
2020-02-06,23.39,28.28,18.89
2020-02-07,14.89,18.11,9.14
2020-02-08,13.93,21.0,6.06
2020-02-09,17.35,23.89,11.0
2020-02-10,21.02,27.0,14.94
2020-02-11,21.67,28.0,18.89
2020-02-12,22.36,28.2,19.39
2020-02-13,22.63,29.39,20.2
2020-02-14,18.09,22.89,15.0
2020-02-15,17.23,25.0,13.89
2020-02-16,19.05,26.11,15.0
2020-02-17,19.79,27.0,17.22
2020-02-18,21.73,28.28,18.0
2020-02-19,22.33,28.0,19.0
2020-02-20,20.28,27.0,17.5
2020-02-21,12.27,16.5,7.89
2020-02-22,12.2,20.8,6.36
2020-02-23,16.07,23.89,10.0
2020-02-24,19.85,25.0,12.22
2020-02-25,21.05,26.42,17.22
2020-02-26,18.81,25.56,16.0
2020-02-27,11.97,15.61,7.0
2020-02-28,11.11,17.11,4.11
2020-02-29,12.6,19.25,6.72
2020-03-01,14.54,21.72,5.0
2020-03-02,19.25,25.0,11.72
2020-03-03,21.55,27.28,17.0
2020-03-04,21.92,29.2,17.47
2020-03-05,22.32,30.0,20.0
2020-03-06,18.46,22.78,13.14
2020-03-07,13.27,18.28,8.89
2020-03-08,16.62,22.56,10.0
2020-03-09,18.8,24.39,12.78
2020-03-10,20.29,26.0,16.0
2020-03-11,20.09,26.25,15.61
2020-03-12,20.33,27.36,16.72
2020-03-13,21.19,28.0,15.86
2020-03-14,21.74,28.89,16.06
2020-03-15,21.84,29.0,16.11
2020-03-16,21.93,27.89,17.47
2020-03-17,22.16,28.0,17.78
2020-03-18,22.48,28.58,18.28
2020-03-19,23.27,29.06,18.28
2020-03-20,23.08,28.64,18.44
2020-03-21,22.91,28.89,18.28
2020-03-22,22.77,28.89,17.89
2020-03-23,22.62,28.89,19.0
2020-03-24,23.17,29.0,18.89
2020-03-25,24.2,30.0,20.61
2020-03-26,22.93,30.0,19.89
2020-03-27,23.16,30.0,19.39
2020-03-28,23.89,30.61,19.25
2020-03-29,23.92,30.28,19.0
2020-03-30,23.91,30.28,19.0
2020-03-31,24.01,30.0,20.0
2020-04-01,19.31,24.0,14.7
2020-04-02,17.15,24.7,11.56
2020-04-03,20.13,26.89,12.11
2020-04-04,21.93,28.28,14.0
2020-04-05,20.21,23.28,17.22
2020-04-06,20.96,27.22,17.78
2020-04-07,23.15,29.0,17.0
2020-04-08,24.65,30.56,20.61
2020-04-09,25.4,32.0,22.78
2020-04-10,23.18,28.0,19.0
2020-04-11,21.68,27.0,14.61
2020-04-12,26.02,30.8,22.0
2020-04-13,26.4,31.11,24.0
2020-04-14,24.85,31.11,23.0
2020-04-15,22.89,30.61,20.0
2020-04-16,19.69,23.39,16.11
2020-04-17,23.04,27.78,17.89
2020-04-18,23.69,28.0,21.0
2020-04-19,25.5,31.11,20.61
2020-04-20,24.6,28.61,20.5
2020-04-21,22.66,28.89,17.0
2020-04-22,22.39,28.78,16.0
2020-04-23,24.75,31.11,19.39
2020-04-24,22.76,27.0,20.0
2020-04-25,24.1,30.0,20.0
2020-04-26,23.61,28.28,20.0
2020-04-27,19.73,26.0,15.0
2020-04-28,21.78,27.78,13.0
2020-04-29,24.32,29.0,17.78
2020-04-30,21.8,26.72,17.78
2020-05-01,20.61,26.72,13.28
2020-05-02,22.11,28.94,13.28
2020-05-03,23.11,29.0,16.0
2020-05-04,23.74,30.0,17.22
2020-05-05,24.55,30.61,18.89
2020-05-06,24.54,30.0,20.0
2020-05-07,20.05,24.0,15.0
2020-05-08,22.5,27.78,11.11
2020-05-09,22.41,27.78,17.78
2020-05-10,21.04,26.11,19.39
2020-05-11,22.23,29.0,17.72
2020-05-12,22.17,28.89,15.61
2020-05-13,23.51,29.0,17.0
2020-05-14,23.85,28.28,20.0
2020-05-15,24.0,29.0,20.61
2020-05-16,24.44,30.61,21.94
2020-05-17,24.71,31.0,21.72
2020-05-18,24.1,29.39,21.0
2020-05-19,25.51,31.0,21.0
2020-05-20,25.18,31.0,20.28
2020-05-21,24.75,32.0,20.61
2020-05-22,25.89,32.22,21.11
2020-05-23,26.01,32.0,22.22
2020-05-24,25.48,30.0,22.78
2020-05-25,24.36,27.11,22.22
2020-05-26,24.84,30.0,22.78
2020-05-27,25.49,30.28,22.78
2020-05-28,25.29,31.72,22.78
2020-05-29,26.01,31.0,22.11
2020-05-30,25.81,32.0,22.0
2020-05-31,27.22,32.78,22.22
2020-06-01,26.97,32.22,23.78
