,temp,max_temp,min_temp
2015-01-01,3.7,8.0,-1.0
2015-01-02,5.85,11.0,-0.5
2015-01-03,7.97,13.0,1.0
2015-01-04,10.55,16.0,5.0
2015-01-05,6.4,11.0,2.0
2015-01-06,6.25,12.0,0.0
2015-01-07,6.45,9.5,2.0
2015-01-08,6.85,11.0,3.0
2015-01-09,7.54,12.0,4.0
2015-01-10,9.27,14.0,4.0
2015-01-11,9.83,15.0,5.0
2015-01-12,8.33,14.0,3.0
2015-01-13,6.8,13.0,1.0
2015-01-14,7.36,12.0,3.0
2015-01-15,7.65,14.0,2.5
2015-01-16,9.41,14.0,5.0
2015-01-17,10.54,14.0,7.0
2015-01-18,7.8,12.0,4.0
2015-01-19,6.58,11.0,2.0
2015-01-20,6.64,10.0,4.0
2015-01-21,6.93,9.0,5.0
2015-01-22,7.07,10.0,5.0
2015-01-23,7.76,12.0,6.0
2015-01-24,7.59,12.0,6.0
2015-01-25,6.49,11.0,4.0
2015-01-26,5.37,10.0,3.0
2015-01-27,4.39,9.0,0.0
2015-01-28,4.06,9.0,1.0
2015-01-29,5.34,9.0,0.0
2015-01-30,6.27,10.0,3.0
2015-01-31,5.81,10.0,2.0
2015-02-01,4.82,9.0,2.0
2015-02-02,3.94,10.0,1.0
2015-02-03,5.1,8.0,1.5
2015-02-04,6.79,9.0,4.0
2015-02-05,5.98,9.0,4.0
2015-02-06,5.24,8.0,4.0
2015-02-07,4.75,8.0,3.0
2015-02-08,4.63,9.0,0.0
2015-02-09,3.6,7.0,1.0
2015-02-10,6.94,12.0,1.0
2015-02-11,7.37,13.0,2.0
2015-02-12,7.12,11.0,2.0
2015-02-13,6.39,11.0,3.0
2015-02-14,6.52,10.5,4.0
2015-02-15,7.3,12.0,6.0
2015-02-16,8.55,13.0,6.0
2015-02-17,9.03,13.0,5.0
2015-02-18,7.25,11.0,4.0
2015-02-19,6.76,12.0,1.0
2015-02-20,6.74,12.0,0.0
2015-02-21,7.37,11.0,4.0
2015-02-22,8.09,12.0,7.0
2015-02-23,9.12,13.0,6.5
2015-02-24,8.48,11.0,7.0
2015-02-25,8.07,12.0,7.0
2015-02-26,8.71,13.0,7.0
2015-02-27,8.21,13.0,5.0
2015-02-28,8.21,13.0,4.0
2015-03-01,8.75,14.0,3.0
2015-03-02,10.34,14.0,7.0
2015-03-03,11.22,16.0,7.0
2015-03-04,10.18,14.0,6.0
2015-03-05,8.31,12.0,7.0
2015-03-06,8.36,13.0,6.0
2015-03-07,8.24,12.0,5.0
2015-03-08,8.89,13.0,5.0
2015-03-09,8.86,13.0,4.0
2015-03-10,9.47,14.0,3.0
2015-03-11,10.1,15.0,5.0
2015-03-12,9.09,14.0,6.0
2015-03-13,8.83,14.0,3.0
2015-03-14,8.66,14.0,4.0
2015-03-15,8.73,13.0,5.0
2015-03-16,9.09,11.0,8.0
2015-03-17,10.0,14.0,9.0
2015-03-18,10.7,15.0,6.0
2015-03-19,11.18,16.0,6.0
2015-03-20,10.63,15.0,7.0
2015-03-21,10.11,14.0,6.5
2015-03-22,9.11,13.0,8.0
2015-03-23,11.56,16.0,7.0
2015-03-24,11.82,15.5,8.5
2015-03-25,11.17,14.0,11.0
2015-03-26,12.41,16.0,11.0
2015-03-27,11.61,15.0,10.0
2015-03-28,12.11,17.0,8.0
2015-03-29,12.22,17.0,6.0
2015-03-30,13.74,18.0,9.0
2015-03-31,15.01,20.0,9.0
2015-04-01,13.84,19.0,9.0
2015-04-02,12.53,17.0,6.0
2015-04-03,11.73,16.0,8.0
2015-04-04,9.91,13.0,8.0
2015-04-05,8.98,12.0,7.0
2015-04-06,8.65,14.0,5.0
2015-04-07,8.52,13.0,4.0
2015-04-08,11.11,16.0,3.0
2015-04-09,12.73,17.0,5.0
2015-04-10,13.17,18.0,6.0
2015-04-11,12.92,18.0,7.0
2015-04-12,14.01,19.0,8.0
2015-04-13,15.95,20.0,8.0
2015-04-14,16.36,21.0,10.0
2015-04-15,16.57,21.0,10.0
2015-04-16,16.49,21.0,10.0
2015-04-17,14.66,19.0,12.0
2015-04-18,14.13,20.0,10.0
2015-04-19,12.28,16.0,10.0
2015-04-20,14.17,19.0,7.0
2015-04-21,16.24,21.0,8.5
2015-04-22,16.71,22.0,9.0
2015-04-23,16.25,21.0,10.0
2015-04-24,15.65,20.0,11.0
2015-04-25,14.8,19.0,11.0
2015-04-26,15.64,20.0,12.0
2015-04-27,14.29,18.0,12.0
2015-04-28,14.41,18.5,12.0
2015-04-29,14.37,19.0,11.0
2015-04-30,14.49,19.0,11.0
2015-05-01,14.83,19.0,11.0
2015-05-02,16.94,21.0,13.0
2015-05-03,17.58,21.5,14.0
2015-05-04,19.32,23.5,15.0
2015-05-05,20.65,25.0,15.0
2015-05-06,20.49,25.0,16.0
2015-05-07,20.17,25.0,15.0
2015-05-08,19.66,24.0,14.0
2015-05-09,19.19,25.0,15.0
2015-05-10,20.36,25.0,15.0
2015-05-11,21.0,25.0,14.0
2015-05-12,20.41,25.0,15.0
2015-05-13,20.49,25.5,14.0
2015-05-14,21.38,26.0,15.0
2015-05-15,18.71,22.0,16.0
2015-05-16,17.92,22.0,14.0
2015-05-17,20.42,26.0,15.0
2015-05-18,21.19,26.0,16.0
2015-05-19,20.24,26.0,15.0
2015-05-20,18.32,23.0,15.0
2015-05-21,15.23,20.0,13.0
2015-05-22,14.39,19.0,12.0
2015-05-23,14.38,18.0,12.0
2015-05-24,15.91,21.0,12.0
2015-05-25,17.85,23.0,13.0
2015-05-26,16.34,21.0,14.0
2015-05-27,17.05,22.0,14.0
2015-05-28,17.87,22.0,13.0
2015-05-29,18.99,23.0,13.0
2015-05-30,19.12,24.0,13.0
2015-05-31,19.38,24.0,15.0
2015-06-01,20.85,25.0,15.0
2015-06-02,21.93,26.5,15.0
2015-06-03,23.76,28.0,17.0
2015-06-04,24.95,30.0,18.0
2015-06-05,25.57,31.0,19.0
2015-06-06,25.1,30.0,20.0
2015-06-07,24.69,30.0,19.0
2015-06-08,23.28,29.0,19.0
2015-06-09,22.67,28.0,18.0
2015-06-10,23.51,28.0,18.0
2015-06-11,24.62,29.0,18.0
2015-06-12,23.9,29.0,19.0
2015-06-13,24.12,29.0,20.0
2015-06-14,21.65,26.0,19.0
2015-06-15,21.98,26.0,18.0
2015-06-16,21.74,26.0,18.0
2015-06-17,20.48,25.0,17.0
2015-06-18,21.32,25.0,17.0
2015-06-19,21.69,26.0,17.5
2015-06-20,20.43,25.0,17.0
2015-06-21,20.73,25.0,16.0
2015-06-22,21.99,26.0,17.0
2015-06-23,22.6,27.0,18.0
2015-06-24,21.5,25.0,17.0
2015-06-25,22.42,26.0,17.0
2015-06-26,23.68,28.0,17.0
2015-06-27,23.57,28.0,18.0
2015-06-28,23.87,28.0,18.0
2015-06-29,24.36,29.0,19.0
2015-06-30,25.11,29.0,20.0
2015-07-01,25.88,30.0,20.0
2015-07-02,26.5,31.0,21.0
2015-07-03,26.64,32.0,21.0
2015-07-04,27.44,32.0,21.0
2015-07-05,27.51,32.0,22.0
2015-07-06,28.04,32.5,23.0
2015-07-07,28.86,33.0,24.0
2015-07-08,27.92,32.0,23.0
2015-07-09,26.21,30.0,23.0
2015-07-10,25.72,30.0,21.0
2015-07-11,26.34,31.0,20.0
2015-07-12,27.32,32.0,21.0
2015-07-13,26.81,32.0,22.0
2015-07-14,27.55,32.0,22.0
2015-07-15,28.54,33.0,23.0
2015-07-16,29.09,33.0,24.0
2015-07-17,29.09,34.0,23.0
2015-07-18,29.29,35.0,23.0
2015-07-19,29.16,34.0,23.0
2015-07-20,29.52,34.0,23.0
2015-07-21,29.9,35.0,24.0
2015-07-22,29.45,35.0,24.0
2015-07-23,28.93,35.0,24.0
2015-07-24,26.9,33.0,23.0
2015-07-25,26.48,32.0,22.0
2015-07-26,25.9,30.0,23.0
2015-07-27,26.55,31.5,21.5
2015-07-28,26.8,31.0,22.0
2015-07-29,26.42,31.0,22.0
2015-07-30,26.03,31.0,21.5
2015-07-31,25.57,30.0,22.0
2015-08-01,24.31,30.0,20.0
2015-08-02,25.25,29.0,21.0
2015-08-03,26.89,32.0,21.0
2015-08-04,27.71,32.0,22.0
2015-08-05,28.46,33.0,23.0
2015-08-06,29.17,34.0,23.0
2015-08-07,29.58,35.0,24.0
2015-08-08,28.19,34.0,23.5
2015-08-09,26.99,32.0,23.0
2015-08-10,24.4,30.0,21.0
2015-08-11,25.31,30.0,20.0
2015-08-12,26.76,32.0,21.0
2015-08-13,27.9,33.0,21.5
2015-08-14,26.88,32.0,22.0
2015-08-15,23.82,30.0,20.0
2015-08-16,21.29,26.0,19.0
2015-08-17,23.14,28.0,18.0
2015-08-18,23.4,28.0,18.0
2015-08-19,21.38,26.0,18.0
2015-08-20,22.96,28.0,17.0
2015-08-21,22.33,27.0,18.0
2015-08-22,22.44,27.0,18.0
2015-08-23,22.19,27.0,18.0
2015-08-24,22.66,27.0,19.0
2015-08-25,23.61,29.0,20.0
2015-08-26,24.08,29.0,19.0
2015-08-27,24.83,30.0,19.0
2015-08-28,25.81,30.0,19.0
2015-08-29,26.47,31.0,20.0
2015-08-30,26.53,32.0,20.0
2015-08-31,26.67,31.0,20.0
2015-09-01,25.98,31.0,19.5
2015-09-02,24.86,30.0,20.0
2015-09-03,24.33,29.0,20.0
2015-09-04,23.42,28.0,20.0
2015-09-05,22.14,27.0,19.0
2015-09-06,21.45,25.0,16.0
2015-09-07,21.3,26.0,16.0
2015-09-08,20.78,25.0,16.0
2015-09-09,19.78,24.0,15.0
2015-09-10,19.47,24.0,15.0
2015-09-11,19.79,25.0,15.0
2015-09-12,20.93,26.0,15.0
2015-09-13,21.87,26.5,16.0
2015-09-14,23.62,28.0,18.5
2015-09-15,23.09,27.5,19.5
2015-09-16,23.51,28.5,20.0
2015-09-17,25.05,31.0,21.0
2015-09-18,24.37,29.0,20.0
2015-09-19,22.4,27.0,18.0
2015-09-20,20.66,26.0,17.0
2015-09-21,20.34,25.0,16.0
2015-09-22,19.4,24.0,14.0
2015-09-23,17.9,24.0,15.0
2015-09-24,17.01,22.0,13.0
2015-09-25,18.47,24.0,13.0
2015-09-26,18.21,23.0,14.0
2015-09-27,17.84,22.0,15.0
2015-09-28,17.23,21.0,15.0
2015-09-29,16.7,21.0,14.0
2015-09-30,16.41,20.5,13.0
2015-10-01,15.37,17.0,13.0
2015-10-02,16.58,21.0,15.0
2015-10-03,17.16,22.0,14.0
2015-10-04,18.05,23.0,14.0
2015-10-05,18.54,23.0,16.0
2015-10-06,18.66,22.0,16.0
2015-10-07,18.6,23.0,16.0
2015-10-08,17.83,23.0,14.0
2015-10-09,17.21,21.0,14.0
2015-10-10,16.23,19.0,15.0
2015-10-11,16.08,21.0,13.0
2015-10-12,16.59,21.0,12.0
2015-10-13,16.69,20.0,14.0
2015-10-14,17.02,20.0,15.0
2015-10-15,15.11,19.0,13.0
2015-10-16,13.73,17.0,10.0
2015-10-17,13.67,18.0,9.5
2015-10-18,14.78,18.5,11.0
2015-10-19,15.24,19.0,13.0
2015-10-20,14.09,18.0,10.5
2015-10-21,13.21,17.0,10.0
2015-10-22,12.45,16.0,9.0
2015-10-23,13.69,18.0,9.0
2015-10-24,13.87,19.0,8.0
2015-10-25,13.72,19.0,8.0
2015-10-26,14.48,19.0,9.0
2015-10-27,14.61,19.0,10.0
2015-10-28,14.21,17.0,12.0
2015-10-29,14.03,18.0,12.0
2015-10-30,14.52,19.0,12.0
2015-10-31,13.83,18.0,10.0
2015-11-01,13.7,18.0,10.0
2015-11-02,12.84,18.0,8.0
2015-11-03,13.14,17.0,8.0
2015-11-04,13.8,18.0,10.0
2015-11-05,14.08,19.0,11.0
2015-11-06,14.11,20.0,10.0
2015-11-07,14.25,20.0,10.0
2015-11-08,14.14,20.0,9.0
2015-11-09,14.63,20.0,9.0
2015-11-10,14.24,19.0,10.0
2015-11-11,13.7,19.0,9.0
2015-11-12,13.26,18.0,10.0
2015-11-13,12.89,17.0,9.0
2015-11-14,13.07,16.0,11.0
2015-11-15,12.47,16.5,9.0
2015-11-16,12.34,18.0,8.0
2015-11-17,12.21,15.0,9.0
2015-11-18,12.49,17.0,10.0
2015-11-19,12.13,15.5,9.0
2015-11-20,12.93,17.0,10.0
2015-11-21,12.8,16.0,9.0
2015-11-22,8.36,12.0,4.0
2015-11-23,7.42,10.0,4.0
2015-11-24,7.61,11.0,5.0
2015-11-25,6.62,9.0,2.5
2015-11-26,6.6,10.0,4.0
2015-11-27,7.16,12.0,5.0
2015-11-28,6.78,11.0,3.0
2015-11-29,7.14,13.0,2.0
2015-11-30,8.69,14.0,3.0
2015-12-01,9.77,15.0,5.0
2015-12-02,8.89,14.0,5.0
2015-12-03,8.6,12.0,5.0
2015-12-04,8.69,11.0,7.0
2015-12-05,8.81,13.0,6.0
2015-12-06,8.46,13.0,5.0
2015-12-07,8.79,13.0,5.0
2015-12-08,8.48,13.0,6.0
2015-12-09,8.01,12.5,5.0
2015-12-10,7.35,13.0,4.0
2015-12-11,6.16,11.0,2.0
2015-12-12,6.63,12.0,2.0
2015-12-13,6.84,11.0,3.0
2015-12-14,7.05,12.0,4.0
2015-12-15,7.11,11.0,3.0
2015-12-16,8.16,12.0,4.0
2015-12-17,7.41,13.0,3.0
2015-12-18,7.32,12.0,2.0
2015-12-19,7.98,13.0,3.0
2015-12-20,7.65,13.0,4.0
2015-12-21,8.03,12.0,5.0
2015-12-22,8.4,13.0,4.0
2015-12-23,7.99,12.0,5.0
2015-12-24,7.8,11.0,5.0
2015-12-25,7.66,13.0,4.0
2015-12-26,7.22,11.5,4.5
2015-12-27,6.92,12.0,3.0
2015-12-28,6.38,12.0,3.0
2015-12-29,6.16,10.0,3.0
2015-12-30,6.72,10.0,2.0
2015-12-31,5.67,9.0,2.0
2016-01-01,5.25,10.0,2.0
2016-01-02,6.59,8.0,2.0
2016-01-03,6.91,10.5,5.0
2016-01-04,6.95,10.0,4.0
2016-01-05,7.69,11.0,6.5
2016-01-06,6.73,9.5,5.0
2016-01-07,6.61,9.5,3.0
2016-01-08,8.74,11.5,6.0
2016-01-09,9.98,14.5,8.0
2016-01-10,10.5,15.0,9.0
2016-01-11,11.73,16.0,10.0
2016-01-12,10.33,15.0,8.0
2016-01-13,8.15,13.0,4.0
2016-01-14,6.47,9.0,2.0
2016-01-15,7.15,11.0,4.0
2016-01-16,4.4,9.0,2.0
2016-01-17,2.97,8.0,0.0
2016-01-18,1.69,6.0,-1.5
2016-01-19,1.9,6.0,-2.0
2016-01-20,3.03,6.0,-3.0
2016-01-21,4.04,10.0,0.5
2016-01-22,4.14,8.0,0.0
2016-01-23,4.23,8.0,0.0
2016-01-24,5.27,11.0,0.0
2016-01-25,6.58,12.5,0.5
2016-01-26,8.12,14.0,2.0
2016-01-27,8.65,13.0,3.0
2016-01-28,9.13,13.0,6.0
2016-01-29,9.26,15.0,6.0
2016-01-30,9.11,13.0,6.0
2016-01-31,9.85,14.0,7.0
2016-02-01,10.58,15.0,6.0
2016-02-02,10.31,13.0,6.0
2016-02-03,9.71,13.0,7.0
2016-02-04,7.59,12.0,4.0
2016-02-05,7.62,13.0,1.0
2016-02-06,7.25,12.0,1.0
2016-02-07,8.52,12.0,5.0
2016-02-08,9.53,13.0,8.0
2016-02-09,10.2,14.0,7.0
2016-02-10,9.56,13.0,6.0
2016-02-11,7.48,12.0,4.0
2016-02-12,7.74,10.5,5.0
2016-02-13,9.05,12.0,6.0
2016-02-14,9.62,14.0,9.0
2016-02-15,9.72,12.5,7.0
2016-02-16,10.02,13.0,8.0
2016-02-17,9.04,10.0,7.0
2016-02-18,8.6,13.0,6.0
2016-02-19,8.98,14.0,5.0
2016-02-20,8.39,13.0,4.0
2016-02-21,9.75,15.0,3.0
2016-02-22,10.77,14.5,6.0
2016-02-23,11.41,16.0,9.0
2016-02-24,10.46,14.0,6.0
2016-02-25,9.33,12.5,6.0
2016-02-26,8.63,12.5,6.0
2016-02-27,8.67,11.0,6.0
2016-02-28,10.23,12.0,8.0
2016-02-29,9.81,13.0,8.0
2016-03-01,9.67,14.0,7.0
2016-03-02,9.96,14.0,6.0
2016-03-03,7.61,13.0,5.0
2016-03-04,7.87,12.0,3.0
2016-03-05,8.48,13.0,5.0
2016-03-06,8.03,13.0,5.0
2016-03-07,7.15,10.5,5.0
2016-03-08,6.87,11.0,4.0
2016-03-09,6.76,11.0,4.0
2016-03-10,8.56,13.0,5.0
2016-03-11,9.61,13.0,6.0
2016-03-12,10.09,14.5,7.5
2016-03-13,9.45,14.0,8.0
2016-03-14,9.87,14.0,7.0
2016-03-15,8.76,13.0,5.0
2016-03-16,7.73,12.0,6.0
2016-03-17,9.15,14.0,6.0
2016-03-18,10.14,16.0,5.5
2016-03-19,11.09,17.0,5.0
2016-03-20,11.82,17.0,5.0
2016-03-21,13.15,17.0,9.0
2016-03-22,13.3,17.0,9.5
2016-03-23,10.46,14.0,8.0
2016-03-24,10.54,15.0,6.0
2016-03-25,10.37,15.0,6.0
2016-03-26,10.76,16.0,6.0
2016-03-27,11.44,16.0,5.0
2016-03-28,11.75,15.0,10.0
2016-03-29,13.37,18.0,9.0
2016-03-30,13.96,18.5,9.5
2016-03-31,15.32,18.5,10.0
2016-04-01,14.71,18.0,12.0
2016-04-02,14.39,18.0,11.0
2016-04-03,14.73,19.0,10.0
2016-04-04,14.6,19.0,11.0
2016-04-05,15.24,20.5,11.0
2016-04-06,16.08,21.0,10.0
2016-04-07,15.88,20.0,11.0
2016-04-08,13.92,18.0,12.0
2016-04-09,12.01,16.0,10.0
2016-04-10,12.84,17.0,8.0
2016-04-11,14.88,20.0,9.0
2016-04-12,16.21,21.0,9.0
2016-04-13,16.69,22.0,12.0
2016-04-14,15.47,21.0,11.0
2016-04-15,15.49,20.0,9.0
2016-04-16,16.29,22.0,11.0
2016-04-17,16.85,21.0,13.0
2016-04-18,16.91,22.0,13.0
2016-04-19,15.35,21.0,11.0
2016-04-20,15.9,20.0,10.0
2016-04-21,15.8,20.0,10.0
2016-04-22,15.94,20.0,11.0
2016-04-23,14.08,18.0,12.0
2016-04-24,12.87,18.0,11.0
2016-04-25,10.72,16.0,6.0
2016-04-26,12.02,16.0,6.0
2016-04-27,13.31,19.0,9.0
2016-04-28,13.16,16.0,10.0
2016-04-29,14.3,19.0,11.0
2016-04-30,14.51,20.0,9.5
2016-05-01,11.78,16.0,10.0
2016-05-02,12.68,17.0,10.0
2016-05-03,15.86,21.5,11.0
2016-05-04,16.65,22.0,12.0
2016-05-05,15.38,20.0,11.0
2016-05-06,16.62,22.0,10.0
2016-05-07,16.42,22.0,11.0
2016-05-08,16.43,21.0,13.0
2016-05-09,16.67,21.0,13.0
2016-05-10,17.4,21.0,14.0
2016-05-11,16.3,19.0,15.0
2016-05-12,15.88,20.0,14.0
2016-05-13,15.71,20.0,13.0
2016-05-14,15.7,21.0,14.0
2016-05-15,15.36,20.0,13.0
2016-05-16,15.1,20.0,12.0
2016-05-17,15.22,20.0,11.0
2016-05-18,16.52,21.0,11.0
2016-05-19,14.62,19.0,12.0
2016-05-20,16.54,21.0,12.0
2016-05-21,18.71,24.0,13.0
2016-05-22,19.97,25.0,14.0
2016-05-23,17.09,21.0,13.0
2016-05-24,17.13,21.0,12.0
2016-05-25,18.59,23.0,12.0
2016-05-26,20.63,25.0,13.0
2016-05-27,22.35,27.0,15.0
2016-05-28,22.02,26.0,17.0
2016-05-29,19.46,23.0,16.0
2016-05-30,18.88,23.0,16.0
2016-05-31,18.8,24.0,15.0
2016-06-01,17.74,22.0,15.0
2016-06-02,17.49,22.0,15.0
2016-06-03,18.72,23.0,15.0
2016-06-04,18.79,23.0,15.0
2016-06-05,19.65,24.0,16.0
2016-06-06,20.88,25.5,16.0
2016-06-07,21.71,26.0,17.0
2016-06-08,20.93,26.0,17.0
2016-06-09,18.68,23.0,17.0
2016-06-10,20.16,25.0,16.0
2016-06-11,20.37,25.0,17.0
2016-06-12,19.58,25.0,17.0
2016-06-13,20.38,25.0,16.0
2016-06-14,19.91,24.0,17.0
2016-06-15,21.25,26.0,16.0
2016-06-16,22.57,27.0,18.0
2016-06-17,21.48,25.0,18.0
2016-06-18,20.68,25.0,15.0
2016-06-19,18.46,24.0,16.0
2016-06-20,20.07,25.0,15.0
2016-06-21,22.36,27.0,17.0
2016-06-22,24.76,30.0,18.0
2016-06-23,25.85,31.0,20.0
2016-06-24,26.7,32.0,21.0
2016-06-25,25.73,31.0,22.0
2016-06-26,24.71,30.0,20.0
2016-06-27,23.97,29.0,20.0
2016-06-28,23.81,28.0,18.5
2016-06-29,24.66,29.0,19.0
2016-06-30,24.81,30.0,20.0
2016-07-01,25.55,30.0,20.0
2016-07-02,24.77,29.5,20.0
2016-07-03,24.75,29.0,21.0
2016-07-04,24.97,29.0,20.0
2016-07-05,25.66,30.0,20.0
2016-07-06,25.49,31.0,21.0
2016-07-07,25.97,30.0,21.0
2016-07-08,26.11,30.0,21.0
2016-07-09,26.7,31.5,21.0
2016-07-10,26.92,32.0,22.0
2016-07-11,27.89,33.0,22.0
2016-07-12,26.8,32.0,22.0
2016-07-13,25.66,31.0,21.0
2016-07-14,22.92,27.0,18.0
2016-07-15,20.38,25.0,17.0
2016-07-16,21.67,26.0,17.0
2016-07-17,22.89,27.0,16.0
2016-07-18,25.36,30.0,18.0
2016-07-19,26.46,31.0,20.0
2016-07-20,26.8,31.0,21.0
2016-07-21,26.46,31.0,21.0
2016-07-22,26.06,31.0,20.0
2016-07-23,24.97,30.0,21.0
2016-07-24,24.54,30.0,21.0
2016-07-25,24.8,30.0,21.0
2016-07-26,25.63,31.0,21.0
2016-07-27,25.24,30.0,21.0
2016-07-28,24.56,30.0,20.0
2016-07-29,25.92,30.0,20.0
2016-07-30,26.35,31.0,21.0
2016-07-31,25.4,30.0,21.0
2016-08-01,24.85,29.0,21.0
2016-08-02,24.93,29.0,20.0
2016-08-03,25.89,30.0,20.0
2016-08-04,26.41,31.0,21.0
2016-08-05,23.78,29.0,20.0
2016-08-06,23.21,29.0,19.0
2016-08-07,23.78,29.0,20.0
2016-08-08,24.49,29.0,20.0
2016-08-09,24.55,29.5,19.0
2016-08-10,22.25,27.5,18.0
2016-08-11,21.45,26.0,18.0
2016-08-12,21.31,26.0,16.0
2016-08-13,22.12,27.0,16.5
2016-08-14,23.87,29.0,17.0
2016-08-15,24.07,29.0,18.0
2016-08-16,24.35,29.0,19.0
2016-08-17,23.75,29.0,20.0
2016-08-18,23.45,28.0,19.0
2016-08-19,24.02,28.0,20.0
2016-08-20,24.29,29.0,20.0
2016-08-21,24.2,29.0,20.0
2016-08-22,23.88,28.0,19.0
2016-08-23,23.84,28.0,18.0
2016-08-24,24.38,29.0,18.0
2016-08-25,24.66,29.0,20.0
2016-08-26,24.69,29.5,19.0
2016-08-27,24.96,30.0,19.0
2016-08-28,24.61,30.0,19.0
2016-08-29,24.95,30.5,19.0
2016-08-30,23.55,29.0,20.0
2016-08-31,23.28,28.0,20.0
2016-09-01,23.75,29.0,18.5
2016-09-02,24.45,30.0,19.0
2016-09-03,24.32,30.0,19.0
2016-09-04,24.51,29.5,20.0
2016-09-05,23.81,29.0,20.0
2016-09-06,21.35,27.0,17.5
2016-09-07,20.95,26.5,17.0
2016-09-08,21.9,27.5,17.0
2016-09-09,23.15,28.0,18.0
2016-09-10,22.52,28.0,19.0
2016-09-11,22.26,28.0,19.0
2016-09-12,22.81,28.0,19.0
2016-09-13,22.64,28.0,18.0
2016-09-14,22.74,28.0,18.0
2016-09-15,21.31,26.5,18.5
2016-09-16,20.37,24.0,18.0
2016-09-17,19.87,25.0,17.0
2016-09-18,18.4,23.0,16.0
2016-09-19,18.93,24.0,15.0
2016-09-20,19.75,25.0,15.0
2016-09-21,18.13,23.0,16.0
2016-09-22,18.34,23.0,15.0
2016-09-23,18.29,24.0,14.0
2016-09-24,18.36,24.0,14.0
2016-09-25,18.11,24.0,13.0
2016-09-26,18.66,24.0,13.0
2016-09-27,18.57,24.0,14.0
2016-09-28,18.65,24.0,14.0
2016-09-29,18.8,24.5,13.0
2016-09-30,19.29,25.0,14.0
2016-10-01,19.06,24.0,14.0
2016-10-02,18.68,23.0,17.0
2016-10-03,18.69,24.0,15.0
2016-10-04,17.12,23.0,13.0
2016-10-05,16.31,21.0,11.0
2016-10-06,14.59,18.0,11.0
2016-10-07,14.76,19.0,11.5
2016-10-08,14.72,19.0,11.0
2016-10-09,14.85,20.0,12.0
2016-10-10,13.98,17.0,11.0
2016-10-11,11.95,15.0,9.0
2016-10-12,12.54,17.0,7.0
2016-10-13,13.42,15.0,8.0
2016-10-14,16.51,20.0,12.0
2016-10-15,16.95,21.0,14.0
2016-10-16,16.14,21.0,12.5
2016-10-17,16.06,20.0,12.0
2016-10-18,15.37,19.0,13.0
2016-10-19,15.24,19.0,11.0
2016-10-20,14.33,19.0,12.0
2016-10-21,13.41,17.5,10.0
2016-10-22,13.2,18.0,8.0
2016-10-23,14.42,18.0,11.0
2016-10-24,16.41,19.0,13.0
2016-10-25,16.92,20.0,15.0
2016-10-26,16.77,20.5,15.0
2016-10-27,16.04,19.0,14.0
2016-10-28,13.34,17.0,10.0
2016-10-29,13.5,19.0,8.0
2016-10-30,13.52,19.0,8.0
2016-10-31,13.28,18.0,9.0
2016-11-01,12.44,17.0,8.0
2016-11-02,14.14,19.0,10.0
2016-11-03,13.69,19.0,11.0
2016-11-04,12.97,18.0,10.0
2016-11-05,13.86,17.0,11.0
2016-11-06,14.85,19.0,13.0
2016-11-07,11.95,16.0,9.0
2016-11-08,10.1,13.0,8.0
2016-11-09,8.64,13.0,5.0
2016-11-10,9.37,13.5,6.0
2016-11-11,9.7,14.5,6.0
2016-11-12,8.94,14.0,5.0
2016-11-13,8.72,13.0,4.0
2016-11-14,9.07,12.5,6.0
2016-11-15,8.57,12.0,5.0
2016-11-16,9.05,13.0,3.0
2016-11-17,10.35,13.0,5.0
2016-11-18,11.91,16.0,10.0
2016-11-19,12.14,16.0,11.0
2016-11-20,11.73,16.0,10.0
2016-11-21,12.71,17.0,10.0
2016-11-22,13.49,18.0,11.0
2016-11-23,13.98,17.0,12.0
2016-11-24,14.06,17.0,12.0
2016-11-25,13.22,16.0,12.0
2016-11-26,11.65,15.0,9.0
2016-11-27,10.03,15.0,7.0
2016-11-28,9.39,13.0,6.0
2016-11-29,5.8,8.0,4.0
2016-11-30,5.54,10.0,1.0
2016-12-01,6.72,13.0,0.0
2016-12-02,8.6,14.0,4.0
2016-12-03,8.34,12.0,5.0
2016-12-04,8.67,13.0,6.0
2016-12-05,8.91,13.0,6.0
2016-12-06,8.22,12.0,5.0
2016-12-07,7.59,13.0,4.0
2016-12-08,6.97,14.0,3.0
2016-12-09,6.75,12.0,2.0
2016-12-10,6.83,12.5,3.0
2016-12-11,8.26,13.0,5.0
2016-12-12,8.12,13.0,5.0
2016-12-13,6.37,13.0,2.0
2016-12-14,6.53,12.0,2.0
2016-12-15,6.41,11.0,3.0
2016-12-16,6.06,10.0,3.0
2016-12-17,5.43,10.5,1.0
2016-12-18,4.2,11.0,-1.0
2016-12-19,6.06,9.0,0.0
2016-12-20,8.47,11.0,6.0
2016-12-21,9.12,14.5,5.5
2016-12-22,7.58,13.0,3.0
2016-12-23,7.18,14.0,2.0
2016-12-24,7.16,13.0,2.0
2016-12-25,7.39,13.0,2.0
2016-12-26,8.31,14.0,3.5
2016-12-27,8.81,15.0,3.0
2016-12-28,7.48,14.0,2.0
2016-12-29,5.44,9.0,3.0
2016-12-30,3.82,8.0,0.0
2016-12-31,3.7,10.0,-1.0
2017-01-01,3.62,11.0,-1.0
2017-01-02,6.09,11.0,-1.0
2017-01-03,6.28,10.0,3.0
2017-01-04,5.22,10.0,1.0
2017-01-05,4.55,8.0,2.0
2017-01-06,-0.29,4.0,-2.0
2017-01-07,-1.29,2.0,-4.0
2017-01-08,0.14,3.0,-4.0
2017-01-09,1.6,6.0,-3.0
2017-01-10,1.12,3.0,-1.0
2017-01-11,0.58,4.0,-3.0
2017-01-12,3.84,7.0,-2.0
2017-01-13,5.8,11.0,2.0
2017-01-14,3.61,9.0,-1.0
2017-01-15,2.72,8.0,0.0
2017-01-16,2.39,6.0,1.0
2017-01-17,3.34,7.0,1.0
2017-01-18,3.58,7.0,2.0
2017-01-19,3.64,8.0,2.0
2017-01-20,4.04,8.0,1.0
2017-01-21,4.83,9.0,2.0
2017-01-22,5.71,10.0,4.0
2017-01-23,6.02,10.0,5.0
2017-01-24,6.05,11.0,4.0
2017-01-25,4.98,10.0,2.0
2017-01-26,4.01,9.5,0.5
2017-01-27,4.55,9.0,0.0
2017-01-28,4.69,8.0,0.5
2017-01-29,4.5,10.0,1.0
2017-01-30,5.59,10.0,1.0
2017-01-31,6.63,11.0,3.0
2017-02-01,8.17,12.0,5.0
2017-02-02,8.88,13.0,6.0
2017-02-03,9.89,14.0,7.0
2017-02-04,9.25,13.0,7.0
2017-02-05,8.88,13.0,8.0
2017-02-06,8.0,11.0,7.0
2017-02-07,8.22,13.0,5.0
2017-02-08,7.21,10.0,4.0
2017-02-09,6.5,9.0,4.5
2017-02-10,6.88,10.0,5.0
2017-02-11,7.26,10.5,4.0
2017-02-12,7.84,11.0,5.0
2017-02-13,8.31,12.0,6.0
2017-02-14,8.19,13.0,4.0
2017-02-15,7.82,14.0,2.0
2017-02-16,8.49,15.0,2.0
2017-02-17,8.6,14.0,3.0
2017-02-18,7.7,13.0,5.0
2017-02-19,6.6,12.0,3.0
2017-02-20,6.94,12.0,2.0
2017-02-21,7.92,13.0,3.0
2017-02-22,8.78,13.0,4.0
2017-02-23,9.26,13.0,6.0
2017-02-24,10.58,13.0,7.5
2017-02-25,8.97,13.0,6.0
2017-02-26,8.91,14.0,4.0
2017-02-27,9.79,14.0,5.0
2017-02-28,10.61,15.0,7.0
2017-03-01,10.55,15.0,7.0
2017-03-02,10.24,15.0,4.0
2017-03-03,10.14,16.0,5.0
2017-03-04,10.52,14.0,7.0
2017-03-05,9.75,14.0,7.0
2017-03-06,10.98,15.0,7.0
2017-03-07,9.83,15.0,8.0
2017-03-08,10.91,16.0,6.5
2017-03-09,11.73,17.0,5.0
2017-03-10,12.57,19.0,6.0
2017-03-11,9.89,15.0,6.0
2017-03-12,9.32,15.0,5.0
2017-03-13,9.8,15.0,4.0
2017-03-14,10.98,16.0,5.0
2017-03-15,11.16,16.0,5.0
2017-03-16,11.78,17.0,5.0
2017-03-17,13.04,18.0,5.0
2017-03-18,12.59,17.5,7.0
2017-03-19,13.08,17.0,9.0
2017-03-20,13.19,18.0,9.0
2017-03-21,12.92,17.0,10.0
2017-03-22,12.71,17.0,10.0
2017-03-23,13.15,18.0,10.0
2017-03-24,13.17,18.0,9.0
2017-03-25,13.69,20.0,9.0
2017-03-26,11.43,17.0,8.0
2017-03-27,10.82,16.0,7.0
2017-03-28,12.52,18.0,5.0
2017-03-29,14.47,20.0,6.0
2017-03-30,15.84,22.0,8.0
2017-03-31,15.3,21.0,9.0
2017-04-01,14.03,20.0,8.0
2017-04-02,12.73,17.0,10.0
2017-04-03,14.44,19.0,10.0
2017-04-04,14.51,20.0,10.0
2017-04-05,12.66,18.0,9.0
2017-04-06,13.4,19.0,8.0
2017-04-07,13.37,18.0,9.0
2017-04-08,14.22,20.0,7.5
2017-04-09,14.78,21.0,9.0
2017-04-10,15.93,22.0,9.0
2017-04-11,15.67,21.0,10.0
2017-04-12,15.59,21.0,11.0
2017-04-13,15.89,21.0,10.0
2017-04-14,16.57,21.0,11.0
2017-04-15,15.21,20.0,12.0
2017-04-16,14.7,21.0,12.0
2017-04-17,13.45,18.0,10.0
2017-04-18,11.71,17.0,8.0
2017-04-19,9.91,15.0,6.0
2017-04-20,9.58,15.0,4.0
2017-04-21,10.63,15.0,4.0
2017-04-22,11.94,17.0,4.0
2017-04-23,13.01,18.5,7.0
2017-04-24,13.85,19.0,9.0
2017-04-25,14.15,19.0,11.0
2017-04-26,14.69,18.0,12.0
2017-04-27,15.12,19.0,14.0
2017-04-28,13.18,17.0,10.0
2017-04-29,13.08,18.0,7.0
2017-04-30,13.28,18.0,8.0
2017-05-01,12.95,19.0,8.0
2017-05-02,13.85,19.0,9.0
2017-05-03,14.23,19.0,10.0
2017-05-04,14.57,19.0,11.0
2017-05-05,15.86,21.0,11.0
2017-05-06,14.84,18.5,11.0
2017-05-07,15.14,19.0,12.0
2017-05-08,15.7,21.0,11.0
2017-05-09,15.55,20.0,12.0
2017-05-10,15.71,20.0,11.0
2017-05-11,17.01,21.0,13.0
2017-05-12,18.35,23.0,15.0
2017-05-13,18.72,23.0,15.0
2017-05-14,18.56,24.0,14.0
2017-05-15,18.93,24.5,14.0
2017-05-16,19.51,25.0,14.0
2017-05-17,21.77,26.0,16.0
2017-05-18,20.59,25.0,16.0
2017-05-19,19.3,24.0,14.5
2017-05-20,16.89,22.0,14.0
2017-05-21,17.97,23.5,13.0
2017-05-22,20.6,26.0,14.0
2017-05-23,21.69,26.0,15.0
2017-05-24,21.77,26.0,16.0
2017-05-25,19.61,25.0,16.0
2017-05-26,20.26,24.0,15.0
2017-05-27,21.49,26.0,16.0
2017-05-28,22.47,27.0,17.0
2017-05-29,22.73,27.0,16.0
2017-05-30,22.74,27.0,16.0
2017-05-31,22.89,28.0,17.0
2017-06-01,23.01,27.0,17.0
2017-06-02,22.22,27.0,17.0
2017-06-03,22.8,27.0,17.0
2017-06-04,22.55,27.0,17.0
2017-06-05,22.05,27.0,18.0
2017-06-06,21.24,26.0,18.0
2017-06-07,21.4,26.0,17.0
2017-06-08,21.59,25.0,15.0
2017-06-09,22.43,27.0,16.0
2017-06-10,23.39,28.0,17.0
2017-06-11,24.5,29.0,18.0
2017-06-12,25.01,29.0,19.0
2017-06-13,25.7,30.0,19.0
2017-06-14,25.26,30.0,20.0
2017-06-15,25.17,29.0,20.0
2017-06-16,25.85,30.0,20.0
2017-06-17,25.69,30.0,21.0
2017-06-18,24.01,28.0,20.0
2017-06-19,24.92,29.0,18.0
2017-06-20,25.68,30.0,19.0
2017-06-21,26.01,30.0,20.0
2017-06-22,26.6,32.0,20.0
2017-06-23,27.14,32.0,21.0
2017-06-24,27.1,32.0,22.0
2017-06-25,25.27,30.0,22.0
2017-06-26,26.08,31.0,21.0
2017-06-27,25.71,30.0,22.0
2017-06-28,24.38,30.0,21.0
2017-06-29,23.59,28.0,20.0
2017-06-30,22.97,26.0,18.0
2017-07-01,21.92,26.0,17.0
2017-07-02,22.2,27.0,17.5
2017-07-03,24.33,29.0,19.0
2017-07-04,24.41,29.0,19.0
2017-07-05,25.75,30.0,20.0
2017-07-06,26.74,32.0,19.5
2017-07-07,27.52,32.0,21.0
2017-07-08,27.53,33.0,21.0
2017-07-09,26.35,31.5,21.5
2017-07-10,26.88,32.0,22.0
2017-07-11,26.25,31.0,21.0
2017-07-12,26.83,31.0,20.5
2017-07-13,27.11,31.0,22.0
2017-07-14,24.73,29.0,21.0
2017-07-15,24.51,29.0,21.0
2017-07-16,23.44,28.0,21.0
2017-07-17,22.87,28.0,19.0
2017-07-18,26.71,31.0,19.0
2017-07-19,27.05,31.0,19.0
2017-07-20,26.11,30.0,21.0
2017-07-21,25.88,31.0,20.0
2017-07-22,26.61,32.0,22.0
2017-07-23,27.05,32.0,23.0
2017-07-24,25.05,30.0,22.0
2017-07-25,23.14,29.0,20.0
2017-07-26,22.6,28.0,18.0
2017-07-27,23.67,28.0,18.0
2017-07-28,25.08,30.0,19.0
2017-07-29,25.52,31.0,20.0
2017-07-30,25.37,30.0,21.0
2017-07-31,27.66,32.0,21.0
2017-08-01,28.95,34.0,22.0
2017-08-02,29.51,35.0,23.0
2017-08-03,30.05,35.0,23.0
2017-08-04,30.01,36.0,23.0
2017-08-05,29.68,36.0,24.0
2017-08-06,28.01,34.0,23.0
2017-08-07,27.42,31.0,23.0
2017-08-08,27.48,32.0,22.0
2017-08-09,28.13,34.0,23.0
2017-08-10,26.53,32.0,22.0
2017-08-11,23.28,28.0,20.0
2017-08-12,21.89,27.0,18.0
2017-08-13,22.97,28.0,18.0
2017-08-14,24.82,30.0,19.0
2017-08-15,25.57,31.0,19.0
2017-08-16,25.94,31.0,20.0
2017-08-17,26.86,32.0,21.0
2017-08-18,27.08,32.0,21.0
2017-08-19,25.4,31.0,20.0
2017-08-20,23.63,29.0,21.0
2017-08-21,23.52,28.0,19.0
2017-08-22,23.12,27.0,18.0
2017-08-23,23.53,29.0,17.0
2017-08-24,24.84,30.0,18.0
2017-08-25,25.33,31.0,20.0
2017-08-26,25.6,31.0,20.0
2017-08-27,26.28,32.0,21.0
2017-08-28,26.81,32.0,20.5
2017-08-29,25.47,31.0,21.0
2017-08-30,25.6,31.0,20.0
2017-08-31,25.45,30.0,20.0
2017-09-01,23.34,28.0,20.0
2017-09-02,20.31,25.0,17.0
2017-09-03,19.53,25.0,15.0
2017-09-04,20.53,26.0,14.0
2017-09-05,21.74,27.0,16.0
2017-09-06,22.42,27.0,17.0
2017-09-07,21.75,27.0,18.0
2017-09-08,20.68,26.0,17.0
2017-09-09,20.27,25.0,17.0
2017-09-10,19.26,22.0,17.0
2017-09-11,19.01,23.0,17.0
2017-09-12,19.58,25.0,16.0
2017-09-13,19.61,24.0,15.0
2017-09-14,19.92,25.0,15.0
2017-09-15,19.12,24.0,16.0
2017-09-16,19.13,22.0,16.0
2017-09-17,18.25,22.5,14.5
2017-09-18,17.4,22.0,13.0
2017-09-19,16.26,21.0,13.0
2017-09-20,16.27,22.0,12.0
2017-09-21,16.68,22.0,11.0
2017-09-22,17.59,23.0,11.0
2017-09-23,18.25,23.0,13.0
2017-09-24,17.06,23.0,14.0
2017-09-25,17.16,22.0,13.5
2017-09-26,17.47,22.0,13.0
2017-09-27,17.99,23.0,14.0
2017-09-28,18.28,23.0,14.0
2017-09-29,17.7,22.0,14.0
2017-09-30,16.92,21.0,14.0
2017-10-01,16.25,20.0,14.0
2017-10-02,17.29,22.0,14.0
2017-10-03,16.98,21.0,13.0
2017-10-04,17.88,22.0,14.0
2017-10-05,18.41,23.0,13.0
2017-10-06,17.91,23.0,14.0
2017-10-07,14.94,20.0,10.0
2017-10-08,15.1,21.0,10.0
2017-10-09,16.06,21.0,10.5
2017-10-10,16.41,22.0,11.5
2017-10-11,16.37,21.0,11.0
2017-10-12,16.41,22.0,12.0
2017-10-13,16.56,22.0,11.0
2017-10-14,16.29,23.0,12.0
2017-10-15,16.64,23.0,11.0
2017-10-16,17.06,24.0,11.0
2017-10-17,16.53,23.0,10.0
2017-10-18,15.52,21.0,10.0
2017-10-19,15.6,21.0,11.0
2017-10-20,15.65,20.0,12.0
2017-10-21,15.7,21.0,12.0
2017-10-22,15.93,21.0,12.0
2017-10-23,14.16,20.0,10.0
2017-10-24,14.56,21.0,7.0
2017-10-25,14.58,20.0,10.0
2017-10-26,14.28,20.0,8.0
2017-10-27,15.05,20.0,9.0
2017-10-28,13.37,18.0,9.0
2017-10-29,14.65,20.0,8.0
2017-10-30,14.48,19.0,9.0
2017-10-31,13.09,18.0,9.0
2017-11-01,12.07,17.0,7.0
2017-11-02,12.81,17.0,6.0
2017-11-03,13.87,18.0,10.0
2017-11-04,13.53,17.0,10.0
2017-11-05,13.58,18.0,11.0
2017-11-06,11.13,15.0,10.0
2017-11-07,10.42,14.0,8.5
2017-11-08,10.65,15.0,8.0
2017-11-09,10.9,14.5,8.5
2017-11-10,11.14,15.0,8.0
2017-11-11,10.39,15.0,7.0
2017-11-12,11.47,15.0,7.0
2017-11-13,9.39,14.0,6.0
2017-11-14,9.27,13.0,6.0
2017-11-15,9.5,13.0,8.0
2017-11-16,10.2,15.0,8.0
2017-11-17,10.34,15.0,7.0
2017-11-18,9.32,14.0,6.0
2017-11-19,9.02,14.5,5.0
2017-11-20,8.91,14.0,4.0
2017-11-21,9.82,15.0,5.0
2017-11-22,10.29,14.0,7.0
2017-11-23,10.1,16.0,7.0
2017-11-24,9.91,14.0,7.0
2017-11-25,11.17,16.0,8.0
2017-11-26,9.7,13.5,6.5
2017-11-27,6.5,11.0,3.0
2017-11-28,6.08,11.0,0.5
2017-11-29,7.85,10.0,4.0
2017-11-30,8.03,11.0,5.0
2017-12-01,5.55,9.0,2.5
2017-12-02,5.87,10.0,3.0
2017-12-03,4.23,9.0,3.0
2017-12-04,4.56,10.0,2.0
2017-12-05,4.37,10.0,0.0
2017-12-06,6.28,12.0,1.0
2017-12-07,6.34,12.0,2.0
2017-12-08,8.36,13.0,4.0
2017-12-09,6.01,11.0,2.0
2017-12-10,4.27,10.0,-1.0
2017-12-11,9.29,15.0,7.0
2017-12-12,10.22,15.0,9.0
2017-12-13,7.86,12.0,6.0
2017-12-14,8.28,12.5,5.0
2017-12-15,9.39,14.0,8.0
2017-12-16,6.65,10.0,3.0
2017-12-17,4.76,10.0,2.0
2017-12-18,3.23,8.0,1.0
2017-12-19,2.93,7.0,-1.0
2017-12-20,2.79,7.0,0.0
2017-12-21,4.07,8.0,0.0
2017-12-22,5.36,11.0,0.0
2017-12-23,6.46,13.0,1.0
2017-12-24,6.64,13.0,1.0
2017-12-25,6.95,13.0,2.0
2017-12-26,7.53,12.0,4.0
2017-12-27,8.1,11.5,6.0
2017-12-28,6.23,10.0,4.0
2017-12-29,4.54,9.0,2.0
2017-12-30,5.83,9.5,1.5
2017-12-31,7.13,11.0,3.0
2018-01-01,7.94,13.0,6.0
2018-01-02,7.43,12.0,4.5
2018-01-03,7.64,13.0,1.0
2018-01-04,9.08,13.0,5.0
2018-01-05,9.18,12.0,5.5
2018-01-06,9.62,13.0,6.0
2018-01-07,10.83,13.0,8.0
2018-01-08,12.01,14.0,10.0
2018-01-09,11.12,14.0,9.0
2018-01-10,8.59,12.0,6.0
2018-01-11,7.73,11.0,5.0
2018-01-12,7.28,12.0,6.0
2018-01-13,6.95,11.0,4.5
2018-01-14,5.84,10.0,4.0
2018-01-15,6.22,10.0,3.0
2018-01-16,7.82,12.0,5.0
2018-01-17,9.01,14.0,5.0
2018-01-18,7.19,12.0,2.0
2018-01-19,8.16,13.0,5.0
2018-01-20,6.93,11.5,4.0
2018-01-21,8.53,14.0,5.0
2018-01-22,7.73,11.0,3.0
2018-01-23,8.03,13.0,4.0
2018-01-24,7.1,12.0,3.0
2018-01-25,6.9,12.0,3.0
2018-01-26,7.74,12.0,4.0
2018-01-27,8.27,12.5,5.0
2018-01-28,8.63,13.0,5.0
2018-01-29,7.55,13.0,3.0
2018-01-30,7.59,12.0,3.0
2018-01-31,7.79,11.0,5.0
2018-02-01,9.14,13.0,6.0
2018-02-02,9.03,11.5,7.0
2018-02-03,6.6,9.0,4.0
2018-02-04,5.29,10.0,2.0
2018-02-05,6.04,10.0,3.0
2018-02-06,6.87,10.0,4.0
2018-02-07,6.8,10.0,5.0
2018-02-08,7.06,11.0,4.0
2018-02-09,6.67,11.0,3.0
2018-02-10,5.67,10.0,2.5
2018-02-11,5.44,9.0,2.0
2018-02-12,6.09,9.0,2.0
2018-02-13,5.48,9.0,2.0
2018-02-14,3.64,8.0,0.5
2018-02-15,4.54,9.0,0.0
2018-02-16,6.32,10.0,0.0
2018-02-17,7.27,10.0,2.0
2018-02-18,7.24,10.0,6.0
2018-02-19,6.43,9.0,4.0
2018-02-20,5.31,8.5,3.0
2018-02-21,5.46,9.0,3.0
2018-02-22,5.34,8.0,3.0
2018-02-23,6.04,9.0,4.0
2018-02-24,7.13,12.0,5.0
2018-02-25,3.47,7.0,0.0
2018-02-26,-0.07,1.0,-3.0
2018-02-27,-0.89,2.0,-4.0
2018-02-28,0.72,3.0,-5.0
2018-03-01,3.46,3.0,-1.0
2018-03-02,6.54,8.0,2.0
2018-03-03,6.79,10.0,3.0
2018-03-04,7.37,13.0,5.0
2018-03-05,7.78,10.0,6.0
2018-03-06,8.4,11.0,6.0
2018-03-07,8.88,14.0,6.0
2018-03-08,9.05,14.0,4.0
2018-03-09,10.28,15.0,6.0
2018-03-10,10.46,13.0,7.0
2018-03-11,11.09,13.0,9.0
2018-03-12,11.05,15.0,9.0
2018-03-13,11.23,16.0,8.0
2018-03-14,10.89,16.0,6.0
2018-03-15,10.35,13.0,6.0
2018-03-16,11.69,15.0,9.5
2018-03-17,9.92,13.0,8.0
2018-03-18,8.58,11.0,6.0
2018-03-19,7.17,10.0,5.0
2018-03-20,7.23,10.0,4.0
2018-03-21,6.33,10.0,4.0
2018-03-22,6.21,10.0,3.0
2018-03-23,6.77,11.0,3.0
2018-03-24,7.34,12.0,3.0
2018-03-25,7.99,12.0,4.0
2018-03-26,9.62,15.0,4.0
2018-03-27,10.52,15.0,5.0
2018-03-28,11.47,16.0,5.5
2018-03-29,12.57,17.0,10.0
2018-03-30,13.66,18.0,10.0
2018-03-31,11.72,15.0,9.0
2018-04-01,11.03,16.0,7.0
2018-04-02,11.84,17.0,5.0
2018-04-03,12.18,16.0,8.0
2018-04-04,11.84,15.0,9.0
2018-04-05,12.51,17.0,10.0
2018-04-06,13.68,19.0,8.0
2018-04-07,13.71,19.0,9.0
2018-04-08,14.5,19.0,10.0
2018-04-09,12.44,16.0,10.0
2018-04-10,12.65,17.0,9.0
2018-04-11,12.33,16.0,10.0
2018-04-12,12.48,17.0,11.0
2018-04-13,13.38,19.0,9.0
2018-04-14,15.65,20.0,9.0
2018-04-15,15.63,20.0,13.5
2018-04-16,16.15,22.0,12.0
2018-04-17,16.69,21.0,12.0
2018-04-18,17.81,23.0,13.0
2018-04-19,18.53,23.0,13.0
2018-04-20,19.56,25.0,12.0
2018-04-21,18.85,24.0,12.0
2018-04-22,17.87,22.5,12.0
2018-04-23,18.74,24.0,12.0
2018-04-24,19.06,24.0,13.0
2018-04-25,19.02,25.0,13.0
2018-04-26,18.98,24.0,13.0
2018-04-27,18.08,23.0,14.0
2018-04-28,19.22,25.0,13.0
2018-04-29,19.03,25.0,15.0
2018-04-30,17.53,22.0,13.0
2018-05-01,15.21,19.0,11.0
2018-05-02,15.96,20.0,13.0
2018-05-03,16.15,20.0,14.0
2018-05-04,16.31,20.0,14.0
2018-05-05,17.06,21.0,14.0
2018-05-06,18.36,22.0,14.0
2018-05-07,18.11,23.0,15.0
2018-05-08,17.78,22.0,15.0
2018-05-09,16.76,21.0,15.0
2018-05-10,17.63,22.0,14.0
2018-05-11,18.71,23.0,15.0
2018-05-12,18.69,23.5,15.0
2018-05-13,17.61,23.0,14.0
2018-05-14,15.17,19.0,12.0
2018-05-15,13.44,17.0,11.0
2018-05-16,15.51,20.0,11.0
2018-05-17,16.64,21.0,13.0
2018-05-18,17.82,23.0,12.0
2018-05-19,18.06,23.0,14.0
2018-05-20,18.65,24.0,14.0
2018-05-21,19.0,24.0,15.0
2018-05-22,17.79,21.5,16.0
2018-05-23,18.27,22.0,16.0
2018-05-24,19.95,25.0,15.0
2018-05-25,21.77,26.0,16.0
2018-05-26,22.48,27.0,17.0
2018-05-27,22.19,27.0,18.0
2018-05-28,22.0,27.0,18.0
2018-05-29,22.25,28.0,19.0
2018-05-30,22.06,27.0,19.0
2018-05-31,22.13,27.0,18.0
2018-06-01,22.69,27.0,18.0
2018-06-02,22.76,28.0,18.0
2018-06-03,23.49,29.0,17.0
2018-06-04,22.02,27.0,18.0
2018-06-05,21.74,27.0,17.0
2018-06-06,22.03,26.0,17.0
2018-06-07,22.34,27.0,18.0
2018-06-08,20.45,25.0,17.0
2018-06-09,22.36,27.0,18.0
2018-06-10,23.55,28.0,18.0
2018-06-11,24.58,29.0,19.0
2018-06-12,23.03,27.0,19.0
2018-06-13,20.89,25.0,18.0
2018-06-14,21.09,26.0,18.0
2018-06-15,21.55,26.0,17.0
2018-06-16,22.83,27.0,18.0
2018-06-17,23.49,28.0,19.0
2018-06-18,23.29,29.0,19.0
2018-06-19,25.09,30.0,20.0
2018-06-20,24.68,30.0,20.0
2018-06-21,24.44,29.0,19.0
2018-06-22,22.78,27.0,19.0
2018-06-23,21.42,25.0,18.0
2018-06-24,21.03,25.0,17.0
2018-06-25,20.2,25.0,16.0
2018-06-26,21.52,26.0,17.0
2018-06-27,22.25,26.0,17.0
2018-06-28,21.41,26.0,17.0
2018-06-29,23.64,27.0,18.0
2018-06-30,25.62,30.0,20.0
2018-07-01,25.11,30.0,20.0
2018-07-02,25.22,30.0,21.0
2018-07-03,25.17,29.0,21.0
2018-07-04,24.98,30.0,20.0
2018-07-05,24.69,29.0,20.0
2018-07-06,24.01,29.0,20.0
2018-07-07,24.75,29.0,20.0
2018-07-08,25.01,30.0,20.0
2018-07-09,25.78,29.0,21.0
2018-07-10,24.72,29.0,20.0
2018-07-11,23.57,28.0,20.0
2018-07-12,24.48,28.0,20.0
2018-07-13,25.59,29.5,20.0
2018-07-14,25.76,31.0,21.0
2018-07-15,25.53,30.0,21.0
2018-07-16,24.35,29.0,20.0
2018-07-17,24.9,29.0,20.0
2018-07-18,26.41,31.0,20.0
2018-07-19,26.86,31.0,20.0
2018-07-20,25.85,31.0,20.0
2018-07-21,24.43,30.0,20.0
2018-07-22,24.64,29.0,20.5
2018-07-23,24.5,30.0,19.0
2018-07-24,26.11,30.0,20.0
2018-07-25,26.2,31.0,21.0
2018-07-26,25.86,31.0,21.0
2018-07-27,25.37,30.0,20.0
2018-07-28,25.87,31.0,21.0
2018-07-29,26.39,31.0,21.0
2018-07-30,28.01,33.0,22.0
2018-07-31,28.4,34.0,23.0
2018-08-01,28.3,34.0,24.0
2018-08-02,27.01,33.0,23.0
2018-08-03,26.75,32.0,23.0
2018-08-04,26.59,32.0,23.0
2018-08-05,26.89,32.0,22.5
2018-08-06,27.37,32.0,23.0
2018-08-07,26.88,32.0,22.0
2018-08-08,26.29,31.0,22.0
2018-08-09,26.21,31.0,21.0
2018-08-10,26.5,31.0,22.0
2018-08-11,26.05,32.0,22.0
2018-08-12,25.69,31.0,22.0
2018-08-13,24.97,30.5,21.0
2018-08-14,23.0,28.0,19.0
2018-08-15,23.0,29.0,19.5
2018-08-16,24.14,30.0,20.0
2018-08-17,24.8,30.0,20.0
2018-08-18,24.33,30.0,20.0
2018-08-19,24.95,30.0,20.0
2018-08-20,25.34,31.0,21.0
2018-08-21,25.28,31.0,21.0
2018-08-22,25.02,31.0,20.0
2018-08-23,24.78,30.0,20.0
2018-08-24,23.89,30.0,20.0
2018-08-25,22.42,28.0,20.0
2018-08-26,20.77,26.0,17.5
2018-08-27,21.14,26.0,15.0
2018-08-28,23.29,28.5,16.0
2018-08-29,24.09,29.0,18.0
2018-08-30,23.83,29.0,18.0
2018-08-31,22.18,27.0,19.0
2018-09-01,20.71,25.0,18.0
2018-09-02,20.58,25.0,17.0
2018-09-03,20.96,26.0,16.0
2018-09-04,22.12,27.0,16.5
2018-09-05,22.83,28.0,17.0
2018-09-06,22.23,28.0,18.0
2018-09-07,21.65,26.0,18.0
2018-09-08,22.2,28.0,18.0
2018-09-09,22.69,28.0,18.0
2018-09-10,23.34,29.0,18.5
2018-09-11,23.71,30.0,18.0
2018-09-12,23.43,29.0,19.0
2018-09-13,22.68,27.0,19.0
2018-09-14,22.94,28.0,19.0
2018-09-15,22.36,27.0,19.0
2018-09-16,23.88,28.0,19.0
2018-09-17,23.71,28.0,19.0
2018-09-18,22.59,27.0,19.0
2018-09-19,22.47,28.0,19.0
2018-09-20,23.36,28.0,19.5
2018-09-21,23.89,28.0,18.0
2018-09-22,24.05,28.0,18.5
2018-09-23,23.88,28.0,18.0
2018-09-24,23.48,28.0,19.0
2018-09-25,19.43,22.0,15.5
2018-09-26,15.85,19.0,12.0
2018-09-27,17.3,23.0,10.0
2018-09-28,18.88,25.0,11.0
2018-09-29,19.34,25.0,13.0
2018-09-30,17.66,22.0,13.0
2018-10-01,16.28,21.5,12.0
2018-10-02,16.29,20.0,13.0
2018-10-03,17.35,22.0,12.0
2018-10-04,17.87,23.0,14.0
2018-10-05,17.46,22.0,15.0
2018-10-06,16.77,19.5,15.0
2018-10-07,17.41,22.0,15.0
2018-10-08,18.65,24.0,15.0
2018-10-09,18.52,24.0,15.0
2018-10-10,18.34,24.0,14.0
2018-10-11,17.43,21.0,15.0
2018-10-12,17.97,23.0,15.0
2018-10-13,17.12,23.0,13.0
2018-10-14,16.53,22.0,12.0
2018-10-15,17.4,22.0,13.0
2018-10-16,17.69,22.0,16.0
2018-10-17,17.63,21.0,16.0
2018-10-18,18.47,24.0,15.0
2018-10-19,17.85,23.0,14.0
2018-10-20,17.14,23.0,13.0
2018-10-21,15.58,21.0,11.0
2018-10-22,13.77,18.0,10.0
2018-10-23,15.09,20.0,10.5
2018-10-24,16.42,22.0,10.0
2018-10-25,16.69,21.0,11.5
2018-10-26,16.58,21.0,14.0
2018-10-27,17.19,21.0,15.0
2018-10-28,17.16,20.0,16.0
2018-10-29,16.78,21.0,14.0
2018-10-30,13.44,18.0,11.0
2018-10-31,13.35,18.0,9.0
2018-11-01,14.14,17.5,13.0
2018-11-02,14.38,17.0,13.0
2018-11-03,15.36,19.0,13.0
2018-11-04,15.22,19.0,14.0
2018-11-05,14.81,18.0,13.0
2018-11-06,14.9,19.0,13.0
2018-11-07,13.97,18.5,12.0
2018-11-08,13.4,19.0,11.0
2018-11-09,13.16,17.0,10.0
2018-11-10,12.77,16.0,11.0
2018-11-11,13.44,18.0,11.0
2018-11-12,13.74,18.0,11.0
2018-11-13,13.69,17.0,11.0
2018-11-14,12.76,18.0,10.0
2018-11-15,12.13,17.0,9.0
2018-11-16,10.9,14.0,9.0
2018-11-17,9.04,13.0,6.0
2018-11-18,8.0,12.0,5.0
2018-11-19,7.53,9.0,4.0
2018-11-20,9.4,9.0,7.0
2018-11-21,9.71,12.0,7.0
2018-11-22,10.33,14.0,8.0
2018-11-23,10.33,13.0,8.0
2018-11-24,12.16,15.0,10.0
2018-11-25,11.42,14.0,10.0
2018-11-26,10.38,13.0,8.0
2018-11-27,9.71,13.0,8.0
2018-11-28,7.83,12.0,5.0
2018-11-29,6.89,12.0,3.0
2018-11-30,6.54,9.0,2.0
2018-12-01,7.86,12.5,5.0
2018-12-02,8.2,11.0,5.0
2018-12-03,9.93,13.0,7.0
2018-12-04,10.46,16.0,7.0
2018-12-05,9.64,15.0,5.0
2018-12-06,9.17,12.0,6.0
2018-12-07,8.94,13.0,5.0
2018-12-08,10.3,15.0,6.0
2018-12-09,9.92,16.0,4.0
2018-12-10,9.19,14.0,6.0
2018-12-11,5.98,12.0,2.0
2018-12-12,4.65,9.5,0.0
2018-12-13,5.24,7.0,3.0
2018-12-14,5.63,7.0,4.0
2018-12-15,3.78,6.5,1.0
2018-12-16,4.78,6.5,-0.5
2018-12-17,5.41,9.0,3.0
2018-12-18,4.45,10.0,2.0
2018-12-19,4.68,7.5,0.0
2018-12-20,6.01,9.0,3.0
2018-12-21,5.97,10.0,3.0
2018-12-22,8.34,13.0,5.0
2018-12-23,9.11,14.0,6.0
2018-12-24,9.81,15.0,6.0
2018-12-25,6.63,12.0,3.0
2018-12-26,4.66,9.0,1.0
2018-12-27,5.06,10.0,0.0
2018-12-28,5.55,10.0,1.0
2018-12-29,6.03,12.0,2.0
2018-12-30,6.6,13.0,2.0
2018-12-31,6.66,11.5,2.0
2019-01-01,5.89,11.0,2.0
2019-01-02,5.73,12.0,1.0
2019-01-03,2.75,7.5,0.0
2019-01-04,0.66,6.0,-2.0
2019-01-05,3.25,8.0,-2.0
2019-01-06,4.98,12.0,0.0
2019-01-07,4.56,9.0,0.0
2019-01-08,4.81,7.0,0.0
2019-01-09,4.87,9.0,2.0
2019-01-10,3.94,9.0,1.0
2019-01-11,2.56,8.0,-1.0
2019-01-12,3.29,9.0,-1.0
2019-01-13,5.3,10.0,-1.0
2019-01-14,8.14,12.0,4.0
2019-01-15,6.35,12.0,2.0
2019-01-16,6.38,12.0,0.0
2019-01-17,7.27,11.0,4.0
2019-01-18,6.81,11.0,5.0
2019-01-19,5.12,9.0,2.0
2019-01-20,4.4,8.0,3.0
2019-01-21,4.86,8.0,3.0
2019-01-22,3.99,7.0,2.0
2019-01-23,2.95,6.0,1.0
2019-01-24,4.13,9.0,2.0
2019-01-25,3.56,8.0,2.0
2019-01-26,4.03,9.0,1.0
2019-01-27,5.78,11.0,-1.0
2019-01-28,6.11,11.0,4.0
2019-01-29,4.4,10.0,0.5
2019-01-30,3.86,7.0,0.0
2019-01-31,4.93,9.0,1.0
2019-02-01,7.71,13.0,5.0
2019-02-02,8.48,12.5,7.0
2019-02-03,7.47,11.0,6.0
2019-02-04,7.35,12.0,4.0
2019-02-05,6.84,12.0,3.5
2019-02-06,7.23,13.0,4.0
2019-02-07,6.57,12.0,1.0
2019-02-08,7.17,13.0,3.0
2019-02-09,7.17,13.0,2.0
2019-02-10,8.87,13.0,5.0
2019-02-11,8.95,13.0,6.0
2019-02-12,6.99,12.0,3.0
2019-02-13,6.84,12.0,1.5
2019-02-14,7.71,13.0,1.0
2019-02-15,8.46,15.0,2.0
2019-02-16,7.83,14.0,2.0
2019-02-17,7.79,15.0,1.0
2019-02-18,8.44,14.5,2.0
2019-02-19,8.05,13.0,3.0
2019-02-20,7.88,13.0,3.0
2019-02-21,8.11,14.0,2.0
2019-02-22,10.09,15.0,3.0
2019-02-23,6.17,10.0,3.0
2019-02-24,5.9,10.0,2.0
2019-02-25,8.63,14.0,2.0
2019-02-26,10.13,15.0,3.0
2019-02-27,11.5,18.0,4.0
2019-02-28,10.65,17.0,4.0
2019-03-01,10.44,15.0,5.0
2019-03-02,10.21,16.0,4.5
2019-03-03,10.75,16.0,5.0
2019-03-04,10.56,16.0,5.0
2019-03-05,10.96,16.0,7.0
2019-03-06,11.22,17.0,5.0
2019-03-07,12.77,18.0,9.0
2019-03-08,12.08,17.0,8.5
2019-03-09,11.64,17.0,7.0
2019-03-10,11.91,16.0,6.5
2019-03-11,11.28,17.0,8.0
2019-03-12,9.07,14.0,5.0
2019-03-13,8.14,13.0,3.0
2019-03-14,9.75,14.0,5.0
2019-03-15,11.31,16.0,5.0
2019-03-16,13.06,17.0,7.0
2019-03-17,11.72,16.0,7.0
2019-03-18,10.33,16.0,8.0
2019-03-19,9.26,13.0,6.0
2019-03-20,10.08,14.0,6.0
2019-03-21,10.66,16.0,6.0
2019-03-22,12.85,18.0,8.0
2019-03-23,13.05,19.0,7.0
2019-03-24,13.76,20.0,7.0
2019-03-25,13.36,19.5,7.0
2019-03-26,10.26,15.0,7.0
2019-03-27,10.28,15.0,7.0
2019-03-28,10.58,15.0,6.0
2019-03-29,11.54,17.0,5.0
2019-03-30,12.1,18.0,5.0
2019-03-31,12.68,18.0,5.0
2019-04-01,14.22,19.5,7.0
2019-04-02,13.74,18.0,8.0
2019-04-03,11.93,16.0,9.0
2019-04-04,11.27,15.0,9.0
2019-04-05,10.88,15.0,7.0
2019-04-06,11.35,16.0,8.0
2019-04-07,10.44,15.0,8.0
2019-04-08,11.43,16.0,8.0
2019-04-09,12.51,17.0,9.0
2019-04-10,12.02,17.0,9.0
2019-04-11,11.02,15.0,9.0
2019-04-12,11.09,16.0,9.0
2019-04-13,10.6,14.0,9.0
2019-04-14,10.03,14.0,8.0
2019-04-15,12.2,17.0,8.0
2019-04-16,13.07,18.0,8.0
2019-04-17,13.96,19.0,8.0
2019-04-18,14.68,20.0,9.0
2019-04-19,14.98,20.0,10.0
2019-04-20,15.6,20.0,9.0
2019-04-21,15.48,20.0,12.0
2019-04-22,15.1,19.0,13.0
2019-04-23,14.07,17.0,13.0
2019-04-24,15.79,20.0,13.0
2019-04-25,16.09,21.0,12.0
2019-04-26,15.43,20.0,12.0
2019-04-27,15.03,20.0,10.0
2019-04-28,12.49,18.0,9.0
2019-04-29,11.36,16.0,8.0
2019-04-30,13.43,18.0,8.0
2019-05-01,14.33,19.0,9.0
2019-05-02,14.91,20.0,9.0
2019-05-03,14.1,18.0,11.0
2019-05-04,13.18,18.0,12.0
2019-05-05,10.62,14.0,8.0
2019-05-06,11.18,16.0,7.0
2019-05-07,12.6,17.0,7.0
2019-05-08,12.87,17.0,9.0
2019-05-09,14.35,19.0,11.0
2019-05-10,15.98,20.0,11.0
2019-05-11,15.64,20.0,11.0
2019-05-12,13.11,17.0,11.0
2019-05-13,13.78,18.0,12.0
2019-05-14,13.25,17.0,11.0
2019-05-15,10.96,15.0,8.0
2019-05-16,13.69,18.0,8.0
2019-05-17,14.75,19.0,10.0
2019-05-18,13.77,17.0,13.0
2019-05-19,13.89,17.0,13.0
2019-05-20,14.31,18.0,12.0
2019-05-21,15.96,20.0,13.0
2019-05-22,16.83,21.0,12.0
2019-05-23,17.56,22.0,13.0
2019-05-24,18.22,23.0,13.0
2019-05-25,17.44,22.0,14.0
2019-05-26,16.32,19.0,15.0
2019-05-27,15.82,19.0,15.0
2019-05-28,16.38,20.0,15.0
2019-05-29,15.8,20.0,13.0
2019-05-30,16.46,20.0,13.0
2019-05-31,17.38,22.0,13.0
2019-06-01,19.08,23.0,13.0
2019-06-02,20.27,24.0,15.0
2019-06-03,21.22,25.0,16.0
2019-06-04,21.64,26.0,17.0
2019-06-05,21.41,26.0,17.0
2019-06-06,20.56,25.0,17.0
2019-06-07,22.24,27.0,16.0
2019-06-08,23.39,28.0,18.0
2019-06-09,24.03,29.0,18.0
2019-06-10,24.29,30.0,19.5
2019-06-11,23.61,29.0,19.0
2019-06-12,23.74,29.0,19.0
2019-06-13,23.48,28.0,17.0
2019-06-14,25.08,30.0,18.0
2019-06-15,24.59,29.0,20.0
2019-06-16,23.93,29.0,19.0
2019-06-17,24.21,29.0,19.0
2019-06-18,24.35,29.0,19.0
2019-06-19,24.37,29.0,19.0
2019-06-20,24.32,29.0,18.0
2019-06-21,24.73,30.0,19.0
2019-06-22,23.04,27.0,20.0
2019-06-23,23.86,29.0,19.0
2019-06-24,26.01,31.0,20.0
2019-06-25,27.18,31.0,21.0
2019-06-26,28.37,33.0,22.0
2019-06-27,29.47,35.0,23.0
2019-06-28,29.24,34.0,23.0
2019-06-29,26.93,32.0,23.0
2019-06-30,26.8,32.0,21.0
2019-07-01,26.84,32.0,21.0
2019-07-02,27.02,32.0,21.0
2019-07-03,26.47,32.0,21.0
2019-07-04,26.21,31.0,20.0
2019-07-05,27.16,32.0,21.0
2019-07-06,27.01,32.0,21.0
2019-07-07,26.56,32.0,22.0
2019-07-08,27.14,32.0,22.0
2019-07-09,25.38,30.0,22.0
2019-07-10,23.99,29.0,21.0
2019-07-11,23.47,27.0,19.0
2019-07-12,24.03,29.0,19.0
2019-07-13,23.56,29.5,20.0
2019-07-14,23.81,29.0,18.0
2019-07-15,20.68,25.0,18.5
2019-07-16,22.81,28.0,18.0
2019-07-17,24.26,29.0,18.0
2019-07-18,23.71,28.0,18.0
2019-07-19,24.5,29.0,19.0
2019-07-20,25.24,30.0,20.0
2019-07-21,26.02,31.0,20.0
2019-07-22,27.46,32.0,21.0
2019-07-23,28.2,33.0,23.0
2019-07-24,28.65,34.0,23.0
2019-07-25,28.95,34.0,23.5
2019-07-26,28.2,33.0,23.0
2019-07-27,24.51,30.0,20.0
2019-07-28,22.48,26.5,19.0
2019-07-29,25.23,30.0,21.0
2019-07-30,25.77,30.5,21.0
2019-07-31,26.19,31.0,21.0
2019-08-01,27.05,31.5,21.0
2019-08-02,25.08,30.0,20.0
2019-08-03,24.59,30.0,19.0
2019-08-04,24.89,30.0,20.0
2019-08-05,26.01,30.0,20.0
2019-08-06,26.21,31.0,20.0
2019-08-07,25.41,31.0,20.0
2019-08-08,25.98,31.0,22.0
2019-08-09,26.7,31.0,22.0
2019-08-10,27.26,32.0,22.5
2019-08-11,27.56,33.0,22.0
2019-08-12,27.45,33.0,22.0
2019-08-13,25.85,31.0,22.0
2019-08-14,24.46,29.0,21.0
2019-08-15,23.51,28.0,19.0
2019-08-16,23.82,29.0,18.0
2019-08-17,23.99,29.0,18.5
2019-08-18,25.09,30.0,20.0
2019-08-19,25.6,30.0,20.0
2019-08-20,25.65,31.0,20.0
2019-08-21,25.37,31.0,20.0
2019-08-22,24.74,30.0,21.0
2019-08-23,24.01,29.0,21.0
2019-08-24,24.36,30.0,21.0
2019-08-25,24.71,30.0,20.0
2019-08-26,25.23,31.0,20.0
2019-08-27,25.82,31.0,21.0
2019-08-28,24.45,30.0,21.0
2019-08-29,25.29,31.0,20.0
2019-08-30,25.97,31.0,21.0
2019-08-31,24.63,31.0,21.0
2019-09-01,24.18,30.0,20.0
2019-09-02,23.15,29.0,20.0
2019-09-03,22.85,28.0,19.0
2019-09-04,22.42,27.0,18.0
2019-09-05,22.82,28.0,17.0
2019-09-06,20.03,24.0,17.0
2019-09-07,19.91,25.0,16.0
2019-09-08,18.95,25.0,16.0
2019-09-09,19.61,25.0,15.0
2019-09-10,20.13,26.0,15.0
2019-09-11,21.38,26.0,16.5
2019-09-12,22.18,28.0,16.0
2019-09-13,22.57,28.0,17.0
2019-09-14,22.3,28.0,17.0
2019-09-15,22.65,28.0,17.0
2019-09-16,22.91,28.0,17.0
2019-09-17,23.13,28.0,18.0
2019-09-18,22.08,27.0,18.0
2019-09-19,19.93,24.5,17.5
2019-09-20,18.7,23.0,15.0
2019-09-21,18.71,23.0,13.5
2019-09-22,18.54,20.0,15.0
2019-09-23,19.26,23.0,17.0
2019-09-24,19.18,24.0,15.0
2019-09-25,19.61,24.0,15.0
2019-09-26,19.86,25.0,17.0
2019-09-27,19.95,25.0,16.0
2019-09-28,20.5,26.0,17.0
2019-09-29,20.39,26.0,16.0
2019-09-30,21.11,26.0,17.0
2019-10-01,20.49,26.0,17.0
2019-10-02,19.02,24.0,16.0
2019-10-03,16.43,20.0,13.0
2019-10-04,15.48,20.0,10.0
2019-10-05,16.7,22.0,12.0
2019-10-06,16.41,21.0,12.0
2019-10-07,15.67,20.0,14.0
2019-10-08,16.26,21.0,11.0
2019-10-09,17.02,23.0,12.0
2019-10-10,17.13,22.0,13.0
2019-10-11,16.66,22.0,13.0
2019-10-12,16.76,21.5,12.0
2019-10-13,17.3,21.0,13.0
2019-10-14,17.94,22.0,14.0
2019-10-15,17.82,23.0,15.0
2019-10-16,16.62,21.0,13.0
2019-10-17,16.08,21.0,11.0
2019-10-18,16.17,21.0,13.0
2019-10-19,16.63,22.0,14.0
2019-10-20,18.06,23.0,15.0
2019-10-21,18.59,24.0,15.0
2019-10-22,17.94,24.0,14.0
2019-10-23,17.74,23.0,13.0
2019-10-24,16.68,20.0,14.0
2019-10-25,16.56,22.0,14.0
2019-10-26,16.37,23.0,13.0
2019-10-27,16.03,22.0,12.0
2019-10-28,15.96,20.0,12.0
2019-10-29,15.7,20.0,13.0
2019-10-30,15.05,19.0,12.0
2019-10-31,13.84,17.0,12.0
2019-11-01,13.37,17.5,13.0
2019-11-02,13.84,16.0,12.0
2019-11-03,15.08,20.0,13.0
2019-11-04,15.16,20.0,12.0
2019-11-05,15.73,20.0,13.0
2019-11-06,12.61,16.0,10.0
2019-11-07,11.57,16.0,8.0
2019-11-08,11.68,15.0,10.0
2019-11-09,10.43,15.0,7.0
2019-11-10,9.91,14.0,7.0
2019-11-11,10.84,13.0,9.0
2019-11-12,10.95,14.0,10.0
2019-11-13,10.52,15.0,9.0
2019-11-14,9.91,14.0,7.0
2019-11-15,11.93,15.0,9.0
2019-11-16,11.22,13.0,8.0
2019-11-17,10.91,15.0,9.0
2019-11-18,10.15,14.0,8.0
2019-11-19,10.61,14.0,9.0
2019-11-20,10.38,15.0,9.0
2019-11-21,9.96,13.0,8.0
2019-11-22,10.5,14.0,8.0
2019-11-23,12.52,15.5,10.0
2019-11-24,12.05,15.0,12.0
2019-11-25,12.43,17.0,10.0
2019-11-26,11.31,16.0,7.0
2019-11-27,11.88,15.5,9.0
2019-11-28,11.84,16.0,10.0
2019-11-29,11.26,17.0,8.5
2019-11-30,9.77,15.0,7.0
2019-12-01,9.46,13.0,6.0
2019-12-02,10.86,14.0,9.0
2019-12-03,9.85,13.0,7.0
2019-12-04,7.41,11.0,4.0
2019-12-05,7.66,11.0,4.0
2019-12-06,8.44,12.0,6.0
2019-12-07,8.74,14.0,7.0
2019-12-08,8.95,14.0,5.5
2019-12-09,9.28,14.0,7.0
2019-12-10,8.41,13.0,5.5
2019-12-11,6.11,10.0,2.0
2019-12-12,5.08,7.5,2.0
2019-12-13,6.19,11.0,2.0
2019-12-14,7.81,13.5,3.0
2019-12-15,9.24,15.0,5.0
2019-12-16,10.52,15.0,7.0
2019-12-17,11.48,15.0,8.5
2019-12-18,11.74,14.5,10.0
2019-12-19,11.29,13.5,10.0
2019-12-20,11.38,15.0,9.0
2019-12-21,12.13,16.0,11.0
2019-12-22,11.1,15.0,9.0
2019-12-23,10.23,15.0,8.0
2019-12-24,8.96,15.0,4.0
2019-12-25,8.75,15.0,4.0
2019-12-26,7.38,14.0,2.5
2019-12-27,6.93,12.0,3.0
2019-12-28,5.83,10.0,3.0
2019-12-29,4.53,8.0,2.0
2019-12-30,4.45,8.0,1.0
2019-12-31,4.87,10.5,-1.0
2020-01-01,5.88,13.0,0.0
2020-01-02,5.52,12.0,0.5
2020-01-03,6.26,12.0,1.0
2020-01-04,6.93,12.0,2.0
2020-01-05,7.16,13.0,2.0
2020-01-06,4.81,9.0,1.0
2020-01-07,4.34,9.0,-1.0
2020-01-08,5.41,12.0,1.0
2020-01-09,5.43,12.0,0.0
2020-01-10,5.99,12.5,1.0
2020-01-11,6.79,13.0,2.0
2020-01-12,6.4,12.0,3.0
2020-01-13,5.45,11.0,0.5
2020-01-14,5.4,10.0,1.0
2020-01-15,5.97,10.0,2.0
2020-01-16,6.42,12.0,2.0
2020-01-17,6.75,12.0,1.0
2020-01-18,7.27,11.0,5.0
2020-01-19,7.11,11.0,4.0
2020-01-20,6.76,10.0,5.5
2020-01-21,6.47,11.0,3.0
2020-01-22,6.57,12.0,1.5
2020-01-23,6.68,13.0,2.0
2020-01-24,7.51,12.0,1.0
2020-01-25,8.21,12.0,5.0
2020-01-26,7.94,11.0,5.0
2020-01-27,8.19,12.0,4.0
2020-01-28,9.79,14.0,6.5
2020-01-29,9.64,15.0,6.0
2020-01-30,8.5,14.0,4.0
2020-01-31,9.29,13.0,5.0
2020-02-01,9.81,13.0,7.0
2020-02-02,10.22,15.0,8.0
2020-02-03,11.28,17.0,7.0
2020-02-04,10.78,17.0,7.0
2020-02-05,7.82,13.0,5.0
2020-02-06,6.03,11.0,2.0
2020-02-07,5.84,12.0,-0.5
2020-02-08,6.31,13.0,0.0
2020-02-09,8.01,13.0,2.0
2020-02-10,10.23,14.0,6.0
2020-02-11,12.32,18.0,9.5
2020-02-12,10.33,16.0,5.0
2020-02-13,9.42,14.0,3.0
2020-02-14,9.85,15.0,6.0
2020-02-15,8.68,15.0,4.0
2020-02-16,8.39,14.0,3.0
2020-02-17,9.44,15.0,5.0
2020-02-18,10.02,15.0,6.0
2020-02-19,9.08,14.0,5.0
2020-02-20,8.6,14.0,4.0
2020-02-21,9.11,14.5,2.0
2020-02-22,8.96,14.0,3.0
2020-02-23,10.14,15.0,4.0
2020-02-24,11.8,17.0,7.0
2020-02-25,11.23,16.0,8.0
2020-02-26,10.16,15.0,6.0
2020-02-27,8.37,13.0,3.0
2020-02-28,10.27,15.0,5.0
2020-02-29,9.34,13.0,3.0
2020-03-01,10.12,14.0,7.0
2020-03-02,10.23,14.5,8.0
2020-03-03,9.51,13.5,7.0
2020-03-04,8.4,13.0,5.0
2020-03-05,8.39,12.0,3.5
2020-03-06,9.25,13.0,7.0
2020-03-07,8.88,14.0,6.0
2020-03-08,8.41,14.0,5.0
2020-03-09,8.63,13.0,4.0
2020-03-10,9.59,15.0,5.0
2020-03-11,11.66,16.0,5.0
2020-03-12,12.06,16.0,6.0
2020-03-13,12.72,17.0,10.0
2020-03-14,11.25,14.0,9.0
2020-03-15,10.19,15.0,7.0
2020-03-16,10.6,15.0,5.0
2020-03-17,11.5,16.0,5.0
2020-03-18,12.65,17.0,6.0
2020-03-19,13.28,19.0,6.0
2020-03-20,12.25,17.0,7.0
2020-03-21,12.04,17.0,7.0
2020-03-22,11.22,15.0,9.0
2020-03-23,7.27,10.0,4.0
2020-03-24,5.97,10.0,2.0
2020-03-25,5.69,9.0,2.5
2020-03-26,6.88,10.0,4.0
2020-03-27,9.25,13.0,7.0
2020-03-28,10.82,16.0,7.0
2020-03-29,11.61,16.0,7.0
2020-03-30,10.72,15.0,6.0
2020-03-31,8.22,11.0,5.0
2020-04-01,7.02,11.0,3.0
2020-04-02,8.83,13.0,2.0
2020-04-03,10.4,15.0,2.0
2020-04-04,12.17,17.0,6.0
2020-04-05,12.85,18.0,6.5
2020-04-06,13.41,19.0,8.0
2020-04-07,14.44,19.5,7.0
2020-04-08,14.04,20.0,6.0
2020-04-09,14.65,20.0,7.0
2020-04-10,15.33,20.0,7.0
2020-04-11,15.45,21.0,7.0
2020-04-12,15.44,21.0,8.0
2020-04-13,15.17,20.0,9.0
2020-04-14,13.56,18.5,11.0
2020-04-15,12.17,16.0,7.0
2020-04-16,14.05,19.0,6.0
2020-04-17,14.97,20.0,8.0
2020-04-18,15.82,21.0,10.0
2020-04-19,16.39,21.0,13.0
2020-04-20,14.49,17.0,13.0
2020-04-21,13.62,16.5,13.0
2020-04-22,13.93,17.0,11.0
2020-04-23,14.62,19.0,11.0
2020-04-24,15.76,20.0,10.0
2020-04-25,16.5,21.0,10.0
2020-04-26,15.79,21.0,12.0
2020-04-27,16.3,21.0,12.0
2020-04-28,15.56,19.0,13.0
2020-04-29,15.74,20.0,13.0
2020-04-30,15.98,20.0,11.5
2020-05-01,16.51,20.0,13.0
2020-05-02,17.54,22.0,14.0
2020-05-03,17.36,22.0,14.0
2020-05-04,17.29,21.0,12.0
2020-05-05,17.49,23.0,11.0
2020-05-06,17.84,22.0,14.0
2020-05-07,17.56,22.0,12.5
2020-05-08,18.35,23.0,12.0
2020-05-09,18.51,23.0,13.0
2020-05-10,18.08,23.0,15.0
2020-05-11,17.08,21.5,14.0
2020-05-12,17.98,23.0,14.0
2020-05-13,18.42,23.0,14.0
2020-05-14,20.66,24.0,16.0
2020-05-15,18.94,22.0,16.0
2020-05-16,19.52,22.0,15.0
2020-05-17,20.16,25.0,16.0
2020-05-18,21.16,25.0,17.0
2020-05-19,18.95,23.0,16.0
2020-05-20,18.96,23.0,15.0
2020-05-21,19.94,24.0,16.0
2020-05-22,20.6,24.5,15.0
2020-05-23,20.97,26.0,16.0
2020-05-24,20.12,25.0,15.5
2020-05-25,20.33,25.0,15.0
2020-05-26,19.28,23.0,15.0
2020-05-27,18.6,23.0,13.5
2020-05-28,18.82,23.0,13.0
2020-05-29,16.45,21.0,13.0
2020-05-30,17.22,21.0,13.0
2020-05-31,17.52,22.0,13.5
2020-06-01,15.08,15.5,15.0
